SOBP group - Emax: 150 MeV - Width (X): 30%
Energy of the incident proton beam: 132.534 MeV
Depth (cm)  |  EnergyDeposit (a.u.)  |  Error (%)
0.025    1.8303876e-01    0.0858
0.075    1.8736745e-01    0.0877
0.125    1.8826980e-01    0.0898
0.175    1.8896762e-01    0.0908
0.225    1.8967565e-01    0.0900
0.275    1.9026291e-01    0.0926
0.325    1.9094337e-01    0.0924
0.375    1.9169135e-01    0.0947
0.425    1.9201081e-01    0.0919
0.475    1.9255581e-01    0.0916
0.525    1.9302505e-01    0.0914
0.575    1.9374714e-01    0.0954
0.625    1.9398340e-01    0.0919
0.675    1.9456922e-01    0.0932
0.725    1.9508327e-01    0.0933
0.775    1.9555596e-01    0.0934
0.825    1.9600006e-01    0.0927
0.875    1.9636201e-01    0.0915
0.925    1.9720826e-01    0.0955
0.975    1.9753056e-01    0.0937
1.025    1.9789961e-01    0.0935
1.075    1.9830999e-01    0.0936
1.125    1.9888329e-01    0.0950
1.175    1.9909535e-01    0.0927
1.225    1.9966161e-01    0.0932
1.275    2.0000701e-01    0.0916
1.325    2.0051783e-01    0.0931
1.375    2.0079989e-01    0.0919
1.425    2.0125362e-01    0.0912
1.475    2.0179035e-01    0.0927
1.525    2.0219759e-01    0.0932
1.575    2.0273594e-01    0.0946
1.625    2.0292210e-01    0.0924
1.675    2.0311592e-01    0.0895
1.725    2.0354085e-01    0.0891
1.775    2.0405355e-01    0.0919
1.825    2.0465032e-01    0.0917
1.875    2.0506788e-01    0.0924
1.925    2.0543157e-01    0.0910
1.975    2.0590286e-01    0.0908
2.025    2.0611147e-01    0.0895
2.075    2.0657460e-01    0.0910
2.125    2.0724733e-01    0.0934
2.175    2.0745548e-01    0.0901
2.225    2.0791886e-01    0.0906
2.275    2.0835457e-01    0.0903
2.325    2.0886131e-01    0.0919
2.375    2.0918036e-01    0.0909
2.425    2.0944579e-01    0.0891
2.475    2.0980973e-01    0.0885
2.525    2.1032342e-01    0.0899
2.575    2.1062811e-01    0.0890
2.625    2.1123635e-01    0.0907
2.675    2.1161334e-01    0.0885
2.725    2.1195796e-01    0.0882
2.775    2.1246297e-01    0.0878
2.825    2.1309630e-01    0.0908
2.875    2.1343667e-01    0.0896
2.925    2.1393048e-01    0.0907
2.975    2.1427031e-01    0.0882
3.025    2.1458494e-01    0.0887
3.075    2.1503186e-01    0.0867
3.125    2.1563238e-01    0.0896
3.175    2.1598078e-01    0.0890
3.225    2.1646531e-01    0.0891
3.275    2.1676754e-01    0.0875
3.325    2.1722968e-01    0.0877
3.375    2.1758969e-01    0.0872
3.425    2.1787525e-01    0.0859
3.475    2.1842931e-01    0.0863
3.525    2.1890520e-01    0.0862
3.575    2.1933837e-01    0.0870
3.625    2.1978820e-01    0.0861
3.675    2.2048908e-01    0.0882
3.725    2.2074576e-01    0.0864
3.775    2.2126122e-01    0.0878
3.825    2.2156024e-01    0.0859
3.875    2.2207047e-01    0.0864
3.925    2.2260121e-01    0.0877
3.975    2.2295584e-01    0.0859
4.025    2.2317952e-01    0.0834
4.075    2.2371692e-01    0.0843
4.125    2.2422380e-01    0.0848
4.175    2.2462030e-01    0.0842
4.225    2.2520097e-01    0.0834
4.275    2.2558532e-01    0.0838
4.325    2.2607069e-01    0.0845
4.375    2.2645163e-01    0.0821
4.425    2.2705124e-01    0.0830
4.475    2.2754276e-01    0.0825
4.525    2.2808226e-01    0.0826
4.575    2.2854864e-01    0.0839
4.625    2.2898859e-01    0.0831
4.675    2.2949963e-01    0.0823
4.725    2.2975219e-01    0.0804
4.775    2.3049901e-01    0.0824
4.825    2.3117747e-01    0.0835
4.875    2.3153166e-01    0.0819
4.925    2.3203830e-01    0.0824
4.975    2.3257931e-01    0.0822
5.025    2.3296573e-01    0.0806
5.075    2.3352016e-01    0.0811
5.125    2.3387274e-01    0.0789
5.175    2.3453448e-01    0.0805
5.225    2.3491354e-01    0.0797
5.275    2.3573841e-01    0.0812
5.325    2.3619558e-01    0.0815
5.375    2.3675792e-01    0.0810
5.425    2.3748933e-01    0.0819
5.475    2.3794413e-01    0.0805
5.525    2.3837605e-01    0.0797
5.575    2.3884032e-01    0.0790
5.625    2.3959387e-01    0.0795
5.675    2.4028035e-01    0.0806
5.725    2.4088514e-01    0.0803
5.775    2.4127314e-01    0.0783
5.825    2.4205910e-01    0.0808
5.875    2.4250151e-01    0.0776
5.925    2.4321329e-01    0.0778
5.975    2.4377920e-01    0.0774
6.025    2.4456904e-01    0.0787
6.075    2.4513604e-01    0.0774
6.125    2.4592185e-01    0.0789
6.175    2.4646794e-01    0.0781
6.225    2.4708522e-01    0.0788
6.275    2.4767058e-01    0.0780
6.325    2.4824404e-01    0.0767
6.375    2.4885355e-01    0.0765
6.425    2.4941912e-01    0.0751
6.475    2.5018763e-01    0.0765
6.525    2.5074181e-01    0.0760
6.575    2.5132901e-01    0.0746
6.625    2.5197936e-01    0.0744
6.675    2.5273671e-01    0.0746
6.725    2.5362346e-01    0.0753
6.775    2.5438912e-01    0.0756
6.825    2.5498117e-01    0.0747
6.875    2.5561910e-01    0.0746
6.925    2.5630047e-01    0.0740
6.975    2.5709842e-01    0.0738
7.025    2.5792346e-01    0.0735
7.075    2.5878353e-01    0.0743
7.125    2.5937881e-01    0.0729
7.175    2.6029717e-01    0.0734
7.225    2.6105280e-01    0.0740
7.275    2.6185163e-01    0.0723
7.325    2.6279801e-01    0.0733
7.375    2.6352395e-01    0.0724
7.425    2.6413108e-01    0.0711
7.475    2.6491741e-01    0.0695
7.525    2.6592245e-01    0.0711
7.575    2.6676135e-01    0.0708
7.625    2.6756763e-01    0.0704
7.675    2.6862152e-01    0.0706
7.725    2.6942034e-01    0.0697
7.775    2.7046031e-01    0.0707
7.825    2.7127565e-01    0.0701
7.875    2.7239241e-01    0.0704
7.925    2.7343272e-01    0.0705
7.975    2.7421183e-01    0.0695
8.025    2.7503126e-01    0.0681
8.075    2.7611874e-01    0.0688
8.125    2.7726924e-01    0.0687
8.175    2.7822708e-01    0.0683
8.225    2.7930269e-01    0.0674
8.275    2.8033363e-01    0.0678
8.325    2.8163779e-01    0.0685
8.375    2.8268038e-01    0.0684
8.425    2.8381075e-01    0.0686
8.475    2.8484023e-01    0.0675
8.525    2.8595727e-01    0.0667
8.575    2.8718023e-01    0.0661
8.625    2.8845147e-01    0.0665
8.675    2.8970079e-01    0.0664
8.725    2.9081269e-01    0.0661
8.775    2.9201043e-01    0.0657
8.825    2.9349920e-01    0.0662
8.875    2.9477178e-01    0.0657
8.925    2.9579119e-01    0.0644
8.975    2.9729391e-01    0.0646
9.025    2.9875833e-01    0.0642
9.075    3.0005995e-01    0.0632
9.125    3.0179014e-01    0.0647
9.175    3.0325663e-01    0.0646
9.225    3.0473106e-01    0.0633
9.275    3.0627325e-01    0.0626
9.325    3.0820679e-01    0.0642
9.375    3.0967367e-01    0.0628
9.425    3.1112400e-01    0.0619
9.475    3.1294524e-01    0.0622
9.525    3.1475816e-01    0.0628
9.575    3.1651997e-01    0.0621
9.625    3.1844240e-01    0.0624
9.675    3.2013160e-01    0.0604
9.725    3.2213209e-01    0.0613
9.775    3.2418559e-01    0.0615
9.825    3.2605256e-01    0.0603
9.875    3.2816477e-01    0.0601
9.925    3.3026369e-01    0.0599
9.975    3.3237204e-01    0.0586
10.025   3.3477478e-01    0.0589
10.075   3.3722663e-01    0.0591
10.125   3.3979230e-01    0.0589
10.175   3.4228837e-01    0.0582
10.225   3.4514342e-01    0.0590
10.275   3.4786342e-01    0.0589
10.325   3.5068845e-01    0.0584
10.375   3.5329359e-01    0.0574
10.425   3.5615561e-01    0.0569
10.475   3.5925663e-01    0.0576
10.525   3.6231107e-01    0.0564
10.575   3.6537901e-01    0.0556
10.625   3.6892504e-01    0.0562
10.675   3.7226197e-01    0.0556
10.725   3.7605957e-01    0.0558
10.775   3.7986727e-01    0.0555
10.825   3.8387185e-01    0.0560
10.875   3.8817771e-01    0.0570
10.925   3.9241709e-01    0.0566
10.975   3.9670374e-01    0.0564
11.025   4.0148398e-01    0.0568
11.075   4.0609927e-01    0.0561
11.125   4.1123489e-01    0.0563
11.175   4.1623080e-01    0.0556
11.225   4.2153266e-01    0.0547
11.275   4.2699969e-01    0.0534
11.325   4.3313677e-01    0.0535
11.375   4.3925423e-01    0.0527
11.425   4.4593033e-01    0.0518
11.475   4.5307021e-01    0.0515
11.525   4.6065625e-01    0.0506
11.575   4.6877077e-01    0.0502
11.625   4.7732170e-01    0.0494
11.675   4.8671762e-01    0.0490
11.725   4.9655401e-01    0.0482
11.775   5.0763897e-01    0.0483
11.825   5.1936706e-01    0.0477
11.875   5.3236774e-01    0.0476
11.925   5.4614589e-01    0.0472
11.975   5.6145905e-01    0.0468
12.025   5.7853956e-01    0.0470
12.075   5.9740148e-01    0.0469
12.125   6.1852035e-01    0.0471
12.175   6.4233610e-01    0.0472
12.225   6.6928925e-01    0.0473
12.275   7.0054732e-01    0.0475
12.325   7.3719267e-01    0.0481
12.375   7.8050038e-01    0.0491
12.425   8.3087928e-01    0.0505
12.475   8.8681638e-01    0.0526
12.525   9.4227902e-01    0.0554
12.575   9.8541710e-01    0.0592
12.625   1.0000000e+00    0.0646
12.675   9.6722411e-01    0.0726
12.725   8.7649570e-01    0.0844
12.775   7.3328220e-01    0.1016
12.825   5.5822068e-01    0.1267
12.875   3.8364802e-01    0.1636
12.925   2.3461575e-01    0.2197
12.975   1.2733692e-01    0.3086
13.025   6.0768393e-02    0.4554
13.075   2.5483934e-02    0.7107
13.125   9.5592340e-03    1.1635
13.175   3.5274038e-03    1.9403
13.225   1.4834136e-03    2.9323
13.275   9.7584844e-04    3.7715
13.325   8.1547248e-04    3.9219
13.375   8.1381092e-04    4.2154
13.425   7.9333054e-04    4.1136
13.475   7.8680090e-04    4.0961
13.525   7.9744330e-04    4.2521
13.575   7.6031627e-04    4.2006
13.625   7.4649566e-04    4.1168
13.675   7.7491159e-04    4.3030
13.725   7.1793752e-04    4.1430
13.775   7.4642628e-04    4.1044
13.825   7.6072561e-04    4.3528
13.875   7.1100185e-04    4.1765
13.925   7.2525490e-04    4.3199
13.975   7.2426521e-04    4.2677
14.025   7.0578256e-04    4.4725
14.075   6.9761313e-04    4.2745
14.125   7.0949283e-04    4.3795
14.175   6.7187308e-04    4.5396
14.225   7.0234468e-04    4.3432
14.275   7.2508051e-04    4.4442
14.325   6.9040507e-04    4.3009
14.375   6.9535605e-04    4.5575
14.425   6.9157943e-04    4.5240
14.475   6.8572416e-04    4.6766
14.525   6.8580991e-04    4.5243
14.575   7.1360953e-04    4.5706
14.625   6.7057882e-04    4.6332
14.675   6.8477286e-04    4.5800
14.725   6.7573543e-04    4.6612
14.775   6.5065625e-04    4.6428
14.825   6.4025831e-04    4.6040
14.875   6.5686647e-04    4.5590
14.925   6.4491167e-04    4.3570
14.975   6.5195721e-04    4.7066
15.025   6.8010636e-04    4.6175
15.075   6.1553520e-04    4.5043
15.125   6.3052946e-04    4.8421
15.175   6.3934405e-04    4.6510
15.225   6.4552272e-04    4.7453
15.275   6.2396686e-04    4.7717
15.325   6.3286587e-04    4.5021
15.375   6.5044031e-04    4.4677
15.425   5.9378939e-04    4.8085
15.475   5.9837665e-04    4.7793
15.525   5.9616958e-04    4.8156
15.575   5.9410227e-04    4.9134
15.625   5.6107752e-04    4.8493
15.675   5.9442631e-04    4.9653
15.725   5.7323240e-04    4.8887
15.775   5.8646222e-04    4.7498
15.825   6.1419546e-04    4.8321
15.875   5.7586867e-04    4.8662
15.925   5.6383653e-04    4.7221
15.975   5.6839646e-04    4.8750
16.025   5.7425470e-04    5.0625
16.075   5.8846957e-04    4.7371
16.125   5.5706262e-04    4.8317
16.175   5.8936231e-04    5.0488
16.225   5.7381104e-04    5.2894
16.275   5.4022420e-04    4.7506
16.325   5.4311456e-04    4.9770
16.375   5.3973143e-04    5.2066
16.425   5.2912444e-04    4.8497
16.475   5.4669577e-04    5.2025
16.525   5.4095837e-04    5.0026
16.575   5.4421735e-04    5.1306
16.625   5.4190782e-04    5.1018
16.675   5.3561118e-04    5.1994
16.725   5.3418708e-04    5.0980
16.775   5.4162511e-04    5.4033
16.825   5.2784179e-04    5.2066
16.875   5.4074829e-04    5.4386
16.925   5.1185600e-04    5.2097
16.975   5.3753483e-04    5.6900
17.025   4.9822663e-04    5.2122
17.075   5.1234255e-04    5.5084
17.125   4.9805300e-04    5.5908
17.175   5.0148072e-04    5.6132
17.225   5.2695730e-04    5.5054
17.275   4.7135752e-04    5.2734
17.325   4.6628492e-04    5.5845
17.375   4.6903170e-04    5.4984
17.425   4.6416632e-04    5.3133
17.475   5.0085603e-04    5.5683
17.525   4.8068746e-04    5.4715
17.575   4.9156391e-04    5.5264
17.625   4.8358471e-04    5.3508
17.675   4.7499199e-04    5.5139
17.725   4.6518093e-04    5.4576
17.775   4.7281546e-04    5.4880
17.825   4.7571991e-04    5.1901
17.875   4.8204681e-04    5.7584
17.925   4.7310825e-04    5.7813
17.975   4.5158602e-04    5.4893
18.025   4.3472663e-04    5.3232
18.075   4.5533661e-04    5.5331
18.125   4.5385880e-04    5.7969
18.175   4.4943797e-04    5.4482
18.225   4.3017998e-04    5.4673
18.275   4.2540359e-04    5.6020
18.325   4.5304108e-04    5.9727
18.375   4.2805056e-04    5.7123
18.425   4.4526017e-04    5.8923
18.475   4.1822621e-04    5.7276
18.525   4.3641926e-04    5.9504
18.575   4.4136772e-04    6.3088
18.625   4.2483393e-04    5.9132
18.675   4.1572602e-04    5.9209
18.725   4.2925244e-04    5.8588
18.775   4.2549596e-04    5.5971
18.825   4.2690267e-04    6.0180
18.875   4.2813933e-04    6.1769
18.925   4.1947525e-04    5.7403
18.975   4.1825971e-04    5.6173
19.025   4.0901577e-04    5.8273
19.075   4.1240267e-04    6.2173
19.125   4.1633530e-04    5.9783
19.175   4.1238689e-04    6.2395
19.225   4.0022114e-04    5.7939
19.275   3.8421622e-04    5.7883
19.325   3.8540807e-04    6.0921
19.375   3.6471818e-04    6.2744
19.425   3.8402784e-04    6.1981
19.475   3.6801123e-04    5.8203
19.525   3.7913185e-04    6.1733
19.575   3.8559392e-04    6.1947
19.625   3.7519975e-04    5.9371
19.675   3.8351097e-04    6.0427
19.725   3.5943876e-04    5.7252
19.775   3.8747102e-04    5.7502
19.825   4.0139796e-04    6.2166
19.875   3.6459792e-04    5.8609
19.925   3.5585084e-04    5.9844
19.975   3.7987303e-04    6.0877
20.025   3.9789881e-04    6.4055
20.075   3.6615226e-04    6.1605
20.125   3.7204410e-04    6.5300
20.175   3.7307118e-04    6.4150
20.225   3.8099698e-04    6.2931
20.275   3.6627636e-04    6.0896
20.325   3.7234901e-04    6.3303
20.375   3.4912129e-04    6.2249
20.425   3.2756777e-04    6.0053
20.475   3.6668799e-04    6.4448
20.525   3.3087086e-04    6.3663
20.575   3.4229869e-04    6.4006
20.625   3.4908768e-04    6.6418
20.675   3.3374475e-04    6.2404
20.725   3.4527008e-04    6.4138
20.775   3.3009298e-04    6.3651
20.825   3.5882784e-04    6.8639
20.875   3.0843126e-04    6.3798
20.925   3.4308993e-04    6.9408
20.975   3.0878212e-04    6.6604
21.025   3.2209378e-04    6.7688
21.075   2.9877436e-04    6.5166
21.125   3.1083290e-04    7.4386
21.175   3.3094217e-04    7.1201
21.225   3.1081429e-04    6.7100
21.275   3.2643012e-04    6.6969
21.325   3.2701365e-04    6.9751
21.375   3.0275520e-04    6.7564
21.425   2.9037830e-04    6.9158
21.475   3.1318433e-04    7.1305
21.525   3.0566919e-04    7.1304
21.575   2.8027094e-04    6.8678
21.625   2.9466592e-04    6.9403
21.675   2.8149952e-04    7.2461
21.725   2.7463691e-04    7.0993
21.775   3.0109881e-04    7.2042
21.825   2.9833773e-04    6.9249
21.875   2.9538692e-04    7.2373
21.925   2.8235605e-04    7.0354
21.975   3.0363137e-04    7.5428
22.025   2.9433246e-04    7.0488
22.075   2.7935471e-04    6.9865
22.125   2.8088912e-04    7.2596
22.175   2.9985868e-04    6.5732
22.225   2.9918861e-04    6.8962
22.275   3.0417570e-04    7.4772
22.325   3.0575410e-04    7.8632
22.375   2.8386653e-04    7.0054
22.425   2.8628751e-04    7.5521
22.475   2.6328044e-04    7.0072
22.525   2.7100261e-04    6.9218
22.575   2.7864133e-04    7.0634
22.625   2.8475748e-04    7.4903
22.675   2.9076275e-04    7.6696
22.725   2.7123557e-04    7.0797
22.775   2.5847223e-04    7.2953
22.825   2.7228279e-04    7.9744
22.875   2.6993498e-04    7.7315
22.925   2.5247671e-04    7.4151
22.975   2.7785979e-04    7.8230
23.025   2.6089526e-04    7.1360
23.075   2.7684952e-04    7.6521
23.125   2.5786091e-04    8.3128
23.175   2.6539776e-04    7.3118
23.225   2.6289871e-04    8.0417
23.275   2.6025021e-04    6.9577
23.325   2.6564408e-04    7.2156
23.375   2.6742788e-04    7.3250
23.425   2.6457938e-04    7.8618
23.475   2.6243574e-04    6.9923
23.525   2.6541116e-04    7.2502
23.575   2.4106929e-04    7.4969
23.625   2.5667534e-04    7.0989
23.675   2.4749202e-04    6.9452
23.725   2.4198369e-04    7.4936
23.775   2.4150906e-04    7.5840
23.825   2.3905647e-04    7.6944
23.875   2.5977929e-04    7.8965
23.925   2.5710197e-04    7.5406
23.975   2.4984857e-04    7.6296
24.025   2.5195645e-04    7.3156
24.075   2.4000379e-04    7.7303
24.125   2.4406824e-04    7.5236
24.175   2.3944364e-04    8.0656
24.225   2.3870628e-04    7.6105
24.275   2.3064361e-04    7.6251
24.325   2.5186202e-04    8.2343
24.375   2.3584939e-04    7.8604
24.425   2.3593422e-04    7.6825
24.475   2.1699567e-04    7.8840
24.525   2.2340555e-04    7.8426
24.575   2.1577700e-04    7.8139
24.625   2.4577278e-04    8.6260
24.675   2.2845386e-04    8.5126
24.725   2.1589860e-04    7.5475
24.775   2.2440985e-04    7.7585
24.825   2.3266699e-04    7.6874
24.875   2.1177491e-04    7.5806
24.925   2.2193856e-04    8.6056
24.975   2.2185008e-04    8.2427
25.025   1.9217400e-04    8.3338
25.075   2.0503650e-04    8.6216
25.125   1.9958986e-04    8.0730
25.175   2.0017885e-04    7.8792
25.225   1.9704813e-04    8.3576
25.275   2.2733800e-04    8.9178
25.325   2.0751313e-04    8.9957
25.375   1.9897985e-04    7.9881
25.425   2.1775679e-04    8.4679
25.475   1.9514204e-04    8.2912
25.525   2.0808461e-04    8.3093
25.575   1.9732604e-04    8.3403
25.625   2.0782553e-04    8.2412
25.675   1.9373696e-04    8.3035
25.725   1.9931638e-04    8.3884
25.775   2.0113163e-04    8.9317
25.825   2.0100425e-04    8.1671
25.875   1.9560394e-04    8.2402
25.925   2.0220729e-04    10.0029
25.975   1.8977831e-04    9.0549
26.025   2.0010504e-04    8.7623
26.075   2.0374561e-04    8.7126
26.125   1.8774576e-04    8.5373
26.175   1.8467889e-04    8.3012
26.225   1.9552054e-04    8.6398
26.275   1.8868469e-04    8.5997
26.325   1.8420877e-04    8.0845
26.375   2.0595314e-04    8.6455
26.425   1.9758302e-04    9.0631
26.475   1.9802715e-04    9.7300
26.525   1.8853243e-04    9.1313
26.575   1.7210919e-04    8.7753
26.625   1.7246584e-04    9.0560
26.675   1.8093185e-04    9.6013
26.725   1.7118428e-04    8.6676
26.775   1.8152664e-04    9.0613
26.825   1.9169911e-04    10.3523
26.875   1.7815523e-04    9.2751
26.925   1.7587772e-04    8.8064
26.975   1.8640882e-04    9.1699
27.025   1.7449325e-04    8.9552
27.075   1.6870521e-04    8.8552
27.125   1.6421485e-04    8.8431
27.175   1.6949790e-04    9.9486
27.225   1.7524087e-04    8.8066
27.275   1.7521004e-04    8.4687
27.325   1.7484784e-04    9.2047
27.375   1.6953896e-04    9.4552
27.425   1.6947635e-04    9.4725
27.475   1.6129609e-04    8.8012
27.525   1.7691010e-04    9.6635
27.575   1.6715192e-04    9.1896
27.625   1.6535123e-04    8.9031
27.675   1.7047440e-04    9.3445
27.725   1.5729657e-04    8.6328
27.775   1.7283059e-04    9.1842
27.825   1.5949530e-04    9.3894
27.875   1.6312660e-04    9.6283
27.925   1.4951486e-04    10.0717
27.975   1.5739445e-04    9.7674
28.025   1.6141217e-04    9.4659
28.075   1.5798754e-04    10.0752
28.125   1.5621044e-04    10.3959
28.175   1.5713699e-04    10.0159
28.225   1.6460224e-04    9.9624
28.275   1.5860724e-04    9.7782
28.325   1.6176010e-04    9.6603
28.375   1.6909792e-04    9.6929
28.425   1.4188610e-04    9.2443
28.475   1.3906565e-04    9.1655
28.525   1.5800927e-04    10.8413
28.575   1.6163358e-04    9.6197
28.625   1.5759010e-04    10.0064
28.675   1.5798488e-04    11.0787
28.725   1.6165730e-04    9.6387
28.775   1.6422308e-04    9.2381
28.825   1.5720136e-04    9.6802
28.875   1.5171234e-04    10.0312
28.925   1.4743025e-04    9.6665
28.975   1.5537959e-04    10.5701
29.025   1.4058894e-04    9.5407
29.075   1.3330019e-04    9.2424
29.125   1.5285542e-04    10.3042
29.175   1.3383357e-04    10.3466
29.225   1.5125171e-04    10.8339
29.275   1.4753355e-04    9.8166
29.325   1.4310912e-04    8.8987
29.375   1.4474303e-04    9.3203
29.425   1.4748457e-04    9.1055
29.475   1.5796057e-04    10.0194
29.525   1.3868772e-04    9.8400
29.575   1.4220371e-04    9.9369
29.625   1.5483022e-04    10.0865
29.675   1.4238835e-04    9.3178
29.725   1.3582729e-04    9.7512
29.775   1.3089383e-04    9.5558
29.825   1.3014849e-04    9.2393
29.875   1.5066967e-04    10.2730
29.925   1.4721716e-04    9.8954
29.975   1.3364999e-04    10.2035
30.025   1.4193938e-04    9.6732
30.075   1.5389422e-04    10.3207
30.125   1.3592436e-04    9.4234
30.175   1.3336311e-04    11.5197
30.225   1.3791748e-04    10.5049
30.275   1.3595906e-04    11.0287
30.325   1.4731996e-04    10.1566
30.375   1.3961658e-04    9.8464
30.425   1.4490350e-04    11.6170
30.475   1.2732901e-04    10.9437
30.525   1.3249596e-04    10.1976
30.575   1.3653850e-04    9.9733
30.625   1.4039210e-04    10.6157
30.675   1.2644289e-04    10.2806
30.725   1.2807191e-04    11.0495
30.775   1.2747702e-04    10.4283
30.825   1.1570075e-04    9.9049
30.875   1.1417947e-04    10.6667
30.925   1.2890430e-04    11.7073
30.975   1.2168368e-04    11.1135
31.025   1.2251674e-04    10.6145
31.075   1.5335936e-04    12.4576
31.125   1.2385462e-04    9.9666
31.175   1.1853252e-04    10.0185
31.225   1.2301973e-04    13.2411
31.275   1.1595714e-04    9.7931
31.325   1.2118319e-04    10.5434
31.375   1.2298373e-04    11.1553
31.425   1.2061591e-04    11.4865
31.475   1.1709679e-04    11.0651
31.525   1.1529402e-04    10.7983
31.575   1.1643603e-04    12.6656
31.625   1.2726400e-04    12.1395
31.675   1.2859329e-04    11.3924
31.725   1.1614559e-04    12.1007
31.775   1.2365701e-04    11.5467
31.825   1.2181639e-04    10.4937
31.875   1.2324203e-04    11.0294
31.925   1.1211906e-04    11.2067
31.975   1.2590582e-04    11.7120
32.025   1.1149735e-04    10.8872
32.075   1.0649112e-04    10.7185
32.125   1.0759136e-04    11.8184
32.175   1.1174926e-04    10.2023
32.225   1.0968641e-04    11.2827
32.275   1.1007624e-04    11.6828
32.325   1.1552713e-04    11.4198
32.375   1.2157131e-04    12.2131
32.425   1.1526560e-04    10.1725
32.475   1.1574795e-04    10.4386
32.525   1.3214026e-04    12.5963
32.575   1.1176933e-04    10.4893
32.625   1.1414477e-04    11.7075
32.675   1.2656010e-04    11.9700
32.725   1.1266496e-04    11.4471
32.775   1.1479040e-04    11.7621
32.825   1.1130911e-04    11.7322
32.875   1.1442877e-04    11.0767
32.925   1.0980705e-04    10.4341
32.975   1.0841855e-04    12.2656
33.025   1.0523197e-04    10.9756
33.075   1.1931573e-04    11.3606
33.125   1.1276094e-04    11.7425
33.175   9.8964190e-05    10.8086
33.225   1.1745666e-04    12.2204
33.275   1.1292760e-04    11.1229
33.325   1.1763397e-04    12.3581
33.375   9.2233507e-05    11.5792
33.425   1.0126131e-04    11.2884
33.475   1.1928965e-04    12.2713
33.525   1.0745149e-04    11.7143
33.575   1.0102435e-04    11.1064
33.625   1.0425973e-04    10.6789
33.675   1.0155404e-04    11.1038
33.725   1.0622110e-04    12.4894
33.775   1.0934146e-04    13.2254
33.825   1.1158789e-04    11.2335
33.875   1.0727316e-04    11.3571
33.925   9.5633377e-05    11.8134
33.975   9.4523752e-05    11.3249
34.025   1.0416979e-04    12.2984
34.075   1.0471424e-04    12.7119
34.125   9.1459027e-05    11.7853
34.175   9.4051528e-05    12.1311
34.225   9.9932795e-05    12.1515
34.275   9.6189159e-05    10.9362
34.325   1.0361844e-04    11.8399
34.375   9.8357960e-05    12.8225
34.425   9.5368807e-05    12.8422
34.475   9.6311603e-05    12.4482
34.525   9.8363784e-05    12.7677
34.575   1.0525544e-04    12.2198
34.625   1.0323887e-04    12.3147
34.675   1.0805582e-04    12.2424
34.725   1.0902457e-04    12.8549
34.775   9.5510803e-05    11.7496
34.825   1.0969305e-04    11.7971
34.875   9.5704552e-05    11.8490
34.925   9.4132925e-05    11.8906
34.975   8.7612434e-05    12.6031
35.025   9.0459204e-05    12.1517
35.075   1.0101558e-04    11.6177
35.125   9.6728090e-05    12.1878
35.175   9.0581009e-05    13.0078
35.225   1.0043164e-04    12.3870
35.275   9.9235265e-05    12.4676
35.325   9.9369877e-05    12.1799
35.375   8.6086565e-05    12.3187
35.425   8.1491272e-05    12.1421
35.475   8.7093643e-05    12.0688
35.525   9.2833357e-05    11.2819
35.575   9.5516062e-05    15.0553
35.625   8.4532438e-05    12.4977
35.675   7.9989645e-05    12.2012
35.725   8.3094599e-05    13.0721
35.775   8.3828896e-05    13.1673
35.825   8.4388612e-05    13.3630
35.875   8.8075862e-05    11.8375
35.925   7.9209130e-05    11.8604
35.975   8.5873127e-05    13.3205
36.025   9.1844397e-05    14.9574
36.075   8.1772041e-05    13.2663
36.125   9.2144229e-05    13.3706
36.175   7.7852858e-05    13.3482
36.225   7.3816042e-05    13.9515
36.275   8.5097573e-05    13.6840
36.325   6.5944533e-05    12.7748
36.375   8.7486908e-05    14.1310
36.425   8.2246495e-05    15.6842
36.475   7.3099933e-05    13.6762
36.525   6.6295386e-05    13.2027
36.575   8.1843646e-05    13.8817
36.625   7.7588341e-05    14.5909
36.675   7.3756402e-05    13.1136
36.725   8.2979890e-05    14.3862
36.775   7.6612042e-05    13.4188
36.825   6.6259255e-05    14.8496
36.875   6.9122123e-05    14.3448
36.925   7.0708309e-05    13.4508
36.975   7.3295961e-05    13.7654
37.025   8.2583432e-05    14.3684
37.075   7.2789853e-05    14.7207
37.125   6.5181539e-05    12.4263
37.175   6.9334632e-05    13.2081
37.225   6.3274372e-05    13.1907
37.275   6.0009995e-05    12.8595
37.325   6.5334091e-05    15.2736
37.375   6.6270027e-05    14.6018
37.425   7.5394486e-05    15.2145
37.475   7.1559855e-05    14.1592
37.525   6.7577629e-05    16.8887
37.575   6.6610439e-05    14.0306
37.625   6.7736558e-05    15.2496
37.675   6.9891257e-05    15.1596
37.725   5.9586233e-05    12.9475
37.775   7.0585396e-05    15.3322
37.825   7.0647335e-05    13.7574
37.875   7.3885684e-05    14.8138
37.925   6.6878600e-05    12.5006
37.975   5.7027944e-05    12.5601
38.025   7.7721307e-05    14.9012
38.075   7.8827098e-05    13.7559
38.125   7.9974449e-05    16.2974
38.175   7.2251311e-05    13.2989
38.225   8.4693393e-05    15.6547
38.275   7.5425764e-05    15.0191
38.325   8.3844190e-05    14.4312
38.375   6.8992730e-05    14.1713
38.425   6.9689290e-05    12.9708
38.475   7.2713035e-05    14.0048
38.525   6.8553175e-05    12.3898
38.575   7.0564752e-05    14.4742
38.625   7.7091294e-05    13.1509
38.675   7.3164168e-05    13.9223
38.725   6.2687879e-05    12.7362
38.775   7.2034591e-05    13.3200
38.825   7.9931885e-05    15.2278
38.875   7.0236169e-05    14.2215
38.925   6.2284755e-05    14.2158
38.975   6.0829166e-05    13.9848
39.025   7.4441607e-05    20.7850
39.075   6.8710660e-05    18.2055
39.125   5.6541349e-05    16.1198
39.175   6.9691709e-05    14.1115
39.225   6.7819575e-05    16.6487
39.275   7.9239159e-05    16.5019
39.325   7.2308216e-05    17.4260
39.375   6.8424581e-05    14.9478
39.425   6.6677273e-05    17.1446
39.475   6.9367836e-05    14.3910
39.525   7.6151611e-05    15.4435
39.575   6.2360510e-05    13.0972
39.625   6.3656432e-05    13.8135
39.675   7.0293756e-05    14.5204
39.725   6.6969165e-05    13.1964
39.775   6.5751190e-05    14.3981
39.825   6.4322806e-05    13.6009
39.875   6.4938342e-05    16.0822
39.925   5.7682173e-05    17.2353
39.975   5.4319850e-05    15.9367
