SOBP group - Emax: 150 MeV - Width (X): 30%
Energy of the incident proton beam: 133.877 MeV
Depth (cm)  |  EnergyDeposit (a.u.)  |  Error (%)
0.025    1.8391249e-01    0.0856
0.075    1.8828397e-01    0.0875
0.125    1.8927106e-01    0.0908
0.175    1.8992710e-01    0.0908
0.225    1.9055391e-01    0.0896
0.275    1.9104696e-01    0.0906
0.325    1.9173651e-01    0.0906
0.375    1.9256193e-01    0.0946
0.425    1.9296007e-01    0.0925
0.475    1.9350612e-01    0.0928
0.525    1.9393880e-01    0.0911
0.575    1.9467234e-01    0.0944
0.625    1.9478982e-01    0.0905
0.675    1.9536443e-01    0.0922
0.725    1.9585137e-01    0.0919
0.775    1.9641422e-01    0.0912
0.825    1.9697716e-01    0.0938
0.875    1.9735588e-01    0.0928
0.925    1.9798374e-01    0.0939
0.975    1.9849400e-01    0.0955
1.025    1.9893500e-01    0.0954
1.075    1.9894799e-01    0.0892
1.125    1.9953750e-01    0.0922
1.175    1.9999255e-01    0.0911
1.225    2.0061040e-01    0.0941
1.275    2.0084816e-01    0.0927
1.325    2.0131291e-01    0.0918
1.375    2.0181250e-01    0.0947
1.425    2.0211369e-01    0.0930
1.475    2.0251580e-01    0.0923
1.525    2.0297262e-01    0.0928
1.575    2.0330448e-01    0.0920
1.625    2.0371292e-01    0.0926
1.675    2.0402422e-01    0.0903
1.725    2.0453110e-01    0.0923
1.775    2.0508763e-01    0.0939
1.825    2.0537190e-01    0.0917
1.875    2.0591988e-01    0.0915
1.925    2.0627418e-01    0.0916
1.975    2.0668587e-01    0.0913
2.025    2.0706609e-01    0.0912
2.075    2.0746364e-01    0.0917
2.125    2.0804054e-01    0.0929
2.175    2.0836824e-01    0.0914
2.225    2.0868661e-01    0.0907
2.275    2.0932211e-01    0.0933
2.325    2.0965281e-01    0.0907
2.375    2.0997809e-01    0.0904
2.425    2.1023258e-01    0.0894
2.475    2.1055214e-01    0.0879
2.525    2.1120818e-01    0.0906
2.575    2.1138206e-01    0.0881
2.625    2.1192084e-01    0.0891
2.675    2.1241153e-01    0.0900
2.725    2.1275789e-01    0.0899
2.775    2.1307402e-01    0.0876
2.825    2.1361351e-01    0.0890
2.875    2.1383817e-01    0.0878
2.925    2.1429321e-01    0.0868
2.975    2.1479457e-01    0.0874
3.025    2.1526986e-01    0.0891
3.075    2.1569519e-01    0.0888
3.125    2.1615354e-01    0.0890
3.175    2.1648394e-01    0.0872
3.225    2.1690749e-01    0.0880
3.275    2.1741611e-01    0.0894
3.325    2.1772325e-01    0.0866
3.375    2.1830174e-01    0.0886
3.425    2.1857860e-01    0.0873
3.475    2.1902769e-01    0.0875
3.525    2.1962804e-01    0.0878
3.575    2.1995602e-01    0.0871
3.625    2.2028900e-01    0.0859
3.675    2.2084872e-01    0.0872
3.725    2.2108548e-01    0.0851
3.775    2.2151003e-01    0.0850
3.825    2.2211008e-01    0.0865
3.875    2.2260162e-01    0.0871
3.925    2.2302735e-01    0.0867
3.975    2.2341776e-01    0.0855
4.025    2.2372757e-01    0.0852
4.075    2.2421953e-01    0.0850
4.125    2.2462737e-01    0.0845
4.175    2.2499404e-01    0.0827
4.225    2.2537281e-01    0.0818
4.275    2.2612576e-01    0.0846
4.325    2.2648909e-01    0.0835
4.375    2.2694582e-01    0.0822
4.425    2.2741651e-01    0.0820
4.475    2.2800908e-01    0.0846
4.525    2.2852282e-01    0.0833
4.575    2.2897654e-01    0.0842
4.625    2.2951513e-01    0.0844
4.675    2.2999146e-01    0.0848
4.725    2.3031728e-01    0.0824
4.775    2.3090191e-01    0.0824
4.825    2.3135258e-01    0.0825
4.875    2.3172225e-01    0.0804
4.925    2.3235097e-01    0.0820
4.975    2.3281557e-01    0.0812
5.025    2.3350207e-01    0.0827
5.075    2.3378883e-01    0.0812
5.125    2.3427342e-01    0.0810
5.175    2.3486877e-01    0.0813
5.225    2.3531137e-01    0.0807
5.275    2.3591542e-01    0.0806
5.325    2.3640399e-01    0.0796
5.375    2.3695704e-01    0.0804
5.425    2.3736979e-01    0.0802
5.475    2.3789024e-01    0.0787
5.525    2.3848475e-01    0.0794
5.575    2.3916551e-01    0.0810
5.625    2.3968302e-01    0.0794
5.675    2.4029360e-01    0.0796
5.725    2.4070481e-01    0.0795
5.775    2.4121593e-01    0.0788
5.825    2.4189045e-01    0.0793
5.875    2.4256247e-01    0.0792
5.925    2.4308974e-01    0.0777
5.975    2.4381340e-01    0.0801
6.025    2.4416662e-01    0.0777
6.075    2.4491189e-01    0.0774
6.125    2.4550859e-01    0.0783
6.175    2.4600642e-01    0.0777
6.225    2.4667574e-01    0.0779
6.275    2.4729666e-01    0.0780
6.325    2.4784041e-01    0.0767
6.375    2.4830912e-01    0.0754
6.425    2.4902774e-01    0.0763
6.475    2.4952988e-01    0.0745
6.525    2.5038349e-01    0.0770
6.575    2.5080632e-01    0.0746
6.625    2.5159278e-01    0.0755
6.675    2.5233246e-01    0.0763
6.725    2.5288385e-01    0.0739
6.775    2.5372172e-01    0.0756
6.825    2.5434031e-01    0.0747
6.875    2.5508531e-01    0.0753
6.925    2.5580468e-01    0.0746
6.975    2.5668647e-01    0.0760
7.025    2.5730893e-01    0.0748
7.075    2.5788094e-01    0.0729
7.125    2.5865419e-01    0.0733
7.175    2.5959744e-01    0.0745
7.225    2.6028134e-01    0.0733
7.275    2.6088843e-01    0.0724
7.325    2.6168824e-01    0.0729
7.375    2.6262526e-01    0.0733
7.425    2.6315976e-01    0.0706
7.475    2.6392096e-01    0.0709
7.525    2.6466360e-01    0.0705
7.575    2.6559057e-01    0.0710
7.625    2.6642201e-01    0.0705
7.675    2.6736782e-01    0.0715
7.725    2.6808564e-01    0.0696
7.775    2.6901763e-01    0.0708
7.825    2.6977309e-01    0.0696
7.875    2.7066337e-01    0.0691
7.925    2.7158059e-01    0.0694
7.975    2.7261763e-01    0.0698
8.025    2.7360560e-01    0.0694
8.075    2.7439331e-01    0.0688
8.125    2.7551503e-01    0.0696
8.175    2.7654149e-01    0.0698
8.225    2.7756788e-01    0.0697
8.275    2.7847761e-01    0.0688
8.325    2.7955701e-01    0.0691
8.375    2.8060042e-01    0.0686
8.425    2.8168520e-01    0.0682
8.475    2.8267526e-01    0.0684
8.525    2.8357421e-01    0.0675
8.575    2.8452648e-01    0.0667
8.625    2.8590223e-01    0.0678
8.675    2.8690385e-01    0.0658
8.725    2.8802826e-01    0.0658
8.775    2.8920750e-01    0.0660
8.825    2.9043192e-01    0.0660
8.875    2.9165403e-01    0.0661
8.925    2.9288089e-01    0.0652
8.975    2.9396948e-01    0.0642
9.025    2.9534624e-01    0.0643
9.075    2.9672769e-01    0.0644
9.125    2.9803634e-01    0.0637
9.175    2.9944441e-01    0.0636
9.225    3.0092401e-01    0.0644
9.275    3.0222718e-01    0.0638
9.325    3.0380237e-01    0.0640
9.375    3.0528318e-01    0.0634
9.425    3.0676239e-01    0.0632
9.475    3.0836424e-01    0.0625
9.525    3.0992701e-01    0.0622
9.575    3.1168769e-01    0.0627
9.625    3.1331372e-01    0.0626
9.675    3.1477253e-01    0.0615
9.725    3.1663487e-01    0.0620
9.775    3.1815683e-01    0.0605
9.825    3.2016655e-01    0.0610
9.875    3.2203606e-01    0.0613
9.925    3.2396612e-01    0.0604
9.975    3.2594149e-01    0.0606
10.025   3.2784744e-01    0.0595
10.075   3.3012502e-01    0.0602
10.125   3.3219273e-01    0.0598
10.175   3.3443589e-01    0.0589
10.225   3.3674794e-01    0.0591
10.275   3.3902866e-01    0.0582
10.325   3.4174146e-01    0.0595
10.375   3.4418218e-01    0.0584
10.425   3.4669918e-01    0.0577
10.475   3.4948924e-01    0.0581
10.525   3.5238025e-01    0.0577
10.575   3.5506060e-01    0.0568
10.625   3.5789904e-01    0.0566
10.675   3.6078266e-01    0.0556
10.725   3.6415330e-01    0.0561
10.775   3.6738642e-01    0.0561
10.825   3.7070771e-01    0.0558
10.875   3.7396735e-01    0.0550
10.925   3.7758534e-01    0.0555
10.975   3.8155055e-01    0.0562
11.025   3.8537813e-01    0.0554
11.075   3.8946188e-01    0.0560
11.125   3.9353406e-01    0.0554
11.175   3.9814564e-01    0.0565
11.225   4.0248460e-01    0.0560
11.275   4.0725548e-01    0.0556
11.325   4.1230058e-01    0.0558
11.375   4.1738389e-01    0.0553
11.425   4.2268985e-01    0.0549
11.475   4.2814699e-01    0.0538
11.525   4.3397130e-01    0.0533
11.575   4.4019674e-01    0.0527
11.625   4.4660225e-01    0.0518
11.675   4.5340072e-01    0.0509
11.725   4.6100555e-01    0.0509
11.775   4.6902168e-01    0.0506
11.825   4.7702759e-01    0.0491
11.875   4.8640302e-01    0.0492
11.925   4.9594714e-01    0.0483
11.975   5.0646456e-01    0.0480
12.025   5.1772604e-01    0.0475
12.075   5.2999182e-01    0.0470
12.125   5.4354187e-01    0.0470
12.175   5.5842775e-01    0.0468
12.225   5.7479006e-01    0.0469
12.275   5.9285072e-01    0.0470
12.325   6.1279574e-01    0.0470
12.375   6.3489862e-01    0.0467
12.425   6.6035263e-01    0.0469
12.475   6.8933578e-01    0.0469
12.525   7.2350208e-01    0.0475
12.575   7.6340563e-01    0.0483
12.625   8.1022009e-01    0.0495
12.675   8.6302189e-01    0.0512
12.725   9.1966510e-01    0.0537
12.775   9.7038900e-01    0.0568
12.825   1.0000000e+00    0.0612
12.875   9.9340087e-01    0.0676
12.925   9.3472561e-01    0.0770
12.975   8.1943699e-01    0.0907
13.025   6.6144545e-01    0.1105
13.075   4.8505808e-01    0.1392
13.125   3.2024490e-01    0.1817
13.175   1.8892800e-01    0.2469
13.225   9.8760990e-02    0.3508
13.275   4.5731562e-02    0.5243
13.325   1.8884763e-02    0.8245
13.375   7.0122361e-03    1.3555
13.425   2.6560109e-03    2.2067
13.475   1.2769477e-03    3.1644
13.525   9.1417068e-04    3.8279
13.575   8.4726280e-04    3.9140
13.625   8.0996779e-04    4.1529
13.675   8.1916761e-04    4.0577
13.725   7.7499965e-04    3.9127
13.775   7.8444049e-04    4.1059
13.825   7.8034224e-04    4.0486
13.875   7.9208603e-04    4.2695
13.925   7.5707877e-04    4.1699
13.975   7.6216698e-04    4.1742
14.025   7.4711568e-04    4.1558
14.075   7.7692742e-04    4.3248
14.125   7.6480688e-04    4.3261
14.175   7.7087319e-04    4.1089
14.225   7.5098013e-04    4.2123
14.275   7.6416074e-04    4.4682
14.325   7.0813993e-04    4.2933
14.375   7.3977616e-04    4.5031
14.425   6.9205154e-04    4.2670
14.475   7.2904771e-04    4.2902
14.525   7.0714493e-04    4.2933
14.575   7.1733034e-04    4.3716
14.625   7.4487554e-04    4.3161
14.675   7.0498437e-04    4.2543
14.725   6.8614009e-04    4.5400
14.775   6.8643626e-04    4.4447
14.825   7.0409534e-04    4.4623
14.875   6.7451196e-04    4.2744
14.925   7.1120087e-04    4.5105
14.975   7.2246036e-04    4.6969
15.025   7.0541142e-04    4.3456
15.075   7.0347167e-04    4.3587
15.125   7.1377535e-04    4.5233
15.175   6.9795981e-04    4.5010
15.225   6.7140804e-04    4.5991
15.275   6.6005888e-04    4.7136
15.325   6.3021819e-04    4.3064
15.375   6.3860001e-04    4.6983
15.425   6.3007057e-04    4.6365
15.475   6.3787479e-04    4.6392
15.525   6.1654176e-04    4.5446
15.575   6.1831346e-04    4.4359
15.625   6.2196632e-04    4.5120
15.675   6.4270583e-04    4.5427
15.725   6.5462190e-04    4.6946
15.775   6.5515917e-04    4.6311
15.825   6.3228758e-04    4.7008
15.875   6.0187368e-04    4.7892
15.925   6.0520067e-04    4.5308
15.975   6.1574863e-04    4.6909
16.025   6.1326375e-04    4.8100
16.075   5.7675926e-04    4.6979
16.125   6.0110263e-04    4.6724
16.175   5.8999100e-04    4.6764
16.225   6.0662251e-04    4.8890
16.275   5.8113942e-04    4.8818
16.325   5.8328448e-04    4.8485
16.375   5.5716065e-04    4.8426
16.425   5.4460573e-04    4.6805
16.475   5.7593851e-04    5.1235
16.525   5.5834441e-04    4.7154
16.575   5.5723646e-04    4.9786
16.625   5.6175171e-04    5.1790
16.675   5.7414659e-04    4.8931
16.725   5.7290791e-04    5.0389
16.775   5.5271790e-04    5.0941
16.825   5.4472935e-04    5.0126
16.875   5.5340780e-04    5.1907
16.925   5.6270833e-04    5.1069
16.975   5.6784749e-04    5.1134
17.025   5.1854680e-04    5.1782
17.075   5.1470720e-04    4.9939
17.125   5.7927012e-04    5.5744
17.175   4.8588791e-04    5.1160
17.225   5.1233508e-04    5.3725
17.275   5.0097589e-04    5.3895
17.325   5.0039221e-04    5.1959
17.375   5.1774756e-04    5.2258
17.425   4.9571700e-04    5.0599
17.475   4.8547260e-04    5.1330
17.525   4.9641835e-04    5.2545
17.575   5.2081574e-04    5.1970
17.625   5.0261773e-04    5.1907
17.675   5.0026474e-04    5.2108
17.725   5.0528174e-04    5.4350
17.775   4.8215034e-04    5.4155
17.825   4.8946229e-04    5.3207
17.875   4.7869856e-04    5.4855
17.925   4.6002123e-04    5.2126
17.975   4.6130846e-04    5.7106
18.025   4.5663872e-04    5.5663
18.075   4.3806976e-04    5.1822
18.125   4.6932665e-04    5.7837
18.175   4.7159315e-04    5.8115
18.225   4.7847849e-04    5.6935
18.275   4.5746493e-04    5.3995
18.325   4.5891509e-04    5.8302
18.375   4.4193857e-04    5.4329
18.425   4.6454328e-04    5.4783
18.475   4.4146927e-04    5.3962
18.525   4.4647203e-04    5.4204
18.575   4.6320580e-04    5.5619
18.625   4.4431492e-04    5.5266
18.675   4.1733634e-04    5.6073
18.725   4.5155666e-04    5.8439
18.775   4.1565781e-04    5.6005
18.825   3.9856773e-04    5.6253
18.875   4.0236175e-04    5.5378
18.925   4.2010695e-04    5.7573
18.975   4.0325040e-04    5.7099
19.025   4.0743252e-04    5.8687
19.075   4.1384907e-04    5.6517
19.125   4.2618407e-04    5.9789
19.175   4.0024318e-04    5.6820
19.225   3.8387982e-04    5.8290
19.275   3.9216346e-04    5.9725
19.325   4.2154304e-04    6.2234
19.375   4.0001790e-04    6.3860
19.425   3.9554529e-04    6.0428
19.475   4.1759277e-04    6.0243
19.525   4.1231090e-04    6.6675
19.575   3.7079078e-04    5.7742
19.625   3.8943423e-04    6.3545
19.675   3.9095393e-04    6.0348
19.725   3.8813107e-04    6.0123
19.775   3.8285342e-04    5.7121
19.825   3.8982667e-04    6.0006
19.875   3.9580999e-04    6.2248
19.925   3.7012499e-04    6.0495
19.975   3.7960381e-04    6.0379
20.025   3.6462662e-04    6.0107
20.075   3.7744254e-04    6.1251
20.125   3.7874832e-04    6.0622
20.175   3.6494841e-04    6.2143
20.225   3.6226751e-04    6.2967
20.275   3.6433805e-04    6.4035
20.325   3.6549614e-04    6.5170
20.375   3.6178997e-04    6.4497
20.425   3.8193305e-04    6.6575
20.475   3.6066828e-04    6.0626
20.525   3.6512775e-04    6.5642
20.575   3.5377960e-04    6.2130
20.625   3.4765652e-04    6.1968
20.675   3.4710856e-04    6.0742
20.725   3.6634233e-04    6.4026
20.775   3.6280306e-04    6.3889
20.825   3.4367663e-04    6.4127
20.875   3.4732411e-04    6.3645
20.925   3.6323023e-04    6.3897
20.975   3.3784675e-04    6.5553
21.025   3.4482699e-04    6.3191
21.075   3.4902507e-04    6.4702
21.125   3.3401331e-04    6.2740
21.175   3.4323259e-04    6.3045
21.225   3.2997571e-04    6.2415
21.275   3.3578170e-04    6.2817
21.325   3.4470809e-04    6.0683
21.375   3.5726162e-04    6.7198
21.425   3.3939082e-04    6.2354
21.475   3.4548493e-04    6.9717
21.525   3.2623505e-04    6.6397
21.575   3.3342474e-04    6.4541
21.625   3.2529652e-04    6.8373
21.675   3.3280777e-04    6.2870
21.725   3.2359671e-04    6.6364
21.775   3.3695529e-04    6.8050
21.825   3.3142303e-04    6.5976
21.875   3.2373587e-04    6.5222
21.925   3.3210110e-04    6.6711
21.975   3.1948651e-04    6.3192
22.025   2.9645845e-04    6.2818
22.075   3.2786007e-04    6.5600
22.125   3.3518154e-04    6.7666
22.175   3.3661939e-04    6.5010
22.225   3.1488160e-04    6.7540
22.275   3.2847593e-04    6.7863
22.325   3.3061458e-04    7.0496
22.375   3.0873422e-04    7.0391
22.425   3.0209978e-04    6.5463
22.475   3.1131543e-04    6.5964
22.525   3.1266383e-04    6.9730
22.575   2.8228990e-04    6.3933
22.625   2.9782741e-04    6.3282
22.675   3.0022828e-04    6.6175
22.725   2.9985276e-04    6.8401
22.775   2.8231079e-04    6.7613
22.825   3.1973031e-04    7.3054
22.875   3.0213368e-04    7.0659
22.925   2.6639031e-04    6.6205
22.975   2.8351157e-04    6.9235
23.025   2.7749004e-04    6.8837
23.075   2.7711706e-04    7.7785
23.125   3.0537516e-04    8.1438
23.175   2.6435732e-04    7.0380
23.225   2.9162822e-04    7.3998
23.275   2.8955544e-04    7.4556
23.325   2.8271745e-04    7.0905
23.375   2.7165670e-04    7.1527
23.425   2.7121603e-04    7.0975
23.475   2.6129172e-04    7.5560
23.525   2.6402751e-04    7.2176
23.575   2.8177362e-04    7.5624
23.625   2.6420785e-04    7.3163
23.675   2.7233696e-04    7.2546
23.725   2.5982754e-04    7.3241
23.775   2.7603989e-04    7.8038
23.825   2.7819287e-04    7.5636
23.875   2.4705116e-04    7.3749
23.925   2.7388159e-04    7.2533
23.975   2.7229088e-04    7.4543
24.025   2.6214784e-04    7.0852
24.075   2.6817710e-04    7.1842
24.125   2.5987325e-04    7.6391
24.175   2.5708723e-04    7.6220
24.225   2.5132962e-04    7.5603
24.275   2.5475575e-04    7.6794
24.325   2.5575225e-04    7.2021
24.375   2.4533358e-04    7.2888
24.425   2.5329466e-04    7.8348
24.475   2.5224379e-04    7.5450
24.525   2.3623989e-04    7.7611
24.575   2.3601006e-04    7.9236
24.625   2.4599716e-04    8.0375
24.675   2.2997338e-04    7.3875
24.725   2.3082993e-04    7.5096
24.775   2.4074466e-04    7.3061
24.825   2.4984147e-04    7.9165
24.875   2.3190983e-04    7.5306
24.925   2.2523786e-04    7.3420
24.975   2.4169412e-04    8.0050
25.025   2.3386970e-04    8.9075
25.075   2.3458790e-04    7.9123
25.125   2.2546575e-04    7.6636
25.175   2.4570333e-04    7.8536
25.225   2.3946864e-04    7.6512
25.275   2.4420647e-04    8.0712
25.325   2.1337185e-04    9.3737
25.375   2.2179127e-04    8.2055
25.425   2.1556995e-04    8.3045
25.475   2.0421069e-04    8.5675
25.525   2.0133068e-04    7.6266
25.575   2.2561259e-04    8.1195
25.625   2.1179674e-04    7.9794
25.675   2.1354933e-04    7.9991
25.725   2.1873370e-04    7.6647
25.775   2.1821197e-04    8.1031
25.825   2.0737757e-04    7.8881
25.875   2.2375639e-04    8.3197
25.925   2.2196114e-04    7.9310
25.975   2.2899761e-04    8.0403
26.025   2.2533454e-04    8.0390
26.075   2.0054800e-04    8.0375
26.125   2.0254551e-04    7.8570
26.175   2.0639746e-04    8.4319
26.225   1.9749013e-04    8.9326
26.275   2.0763073e-04    7.9322
26.325   1.9007247e-04    8.1689
26.375   1.8985741e-04    7.9474
26.425   2.0075246e-04    7.4488
26.475   2.1440438e-04    8.9386
26.525   2.1139349e-04    8.2844
26.575   2.1134405e-04    8.1891
26.625   2.1687948e-04    8.3724
26.675   1.9789350e-04    7.8904
26.725   2.0742404e-04    8.4740
26.775   2.0907977e-04    8.2791
26.825   1.9789566e-04    8.9675
26.875   2.0199092e-04    8.2181
26.925   2.0598972e-04    8.2046
26.975   1.8955159e-04    8.7653
27.025   1.8868150e-04    9.0891
27.075   1.8188581e-04    8.2750
27.125   1.9588626e-04    8.7409
27.175   1.9429359e-04    9.2534
27.225   1.8857875e-04    8.9710
27.275   1.8291685e-04    8.3525
27.325   1.8162849e-04    9.2155
27.375   1.7829627e-04    9.0154
27.425   1.7557239e-04    9.7608
27.475   1.7049061e-04    8.6803
27.525   1.8403231e-04    8.7315
27.575   1.8805865e-04    8.9010
27.625   1.7198638e-04    8.5478
27.675   1.8080705e-04    9.3498
27.725   1.7612942e-04    8.8525
27.775   1.8011658e-04    9.7546
27.825   1.5805218e-04    8.6676
27.875   1.6258504e-04    8.9549
27.925   1.8274635e-04    9.8747
27.975   1.6862130e-04    10.0597
28.025   1.6692866e-04    9.1105
28.075   1.7703599e-04    9.8139
28.125   1.6094071e-04    8.6924
28.175   1.6099563e-04    9.3055
28.225   1.6452712e-04    9.6361
28.275   1.5384923e-04    9.5112
28.325   1.5835778e-04    9.2739
28.375   1.6486329e-04    8.7114
28.425   1.6760557e-04    9.1115
28.475   1.7259718e-04    9.5406
28.525   1.6544251e-04    9.1514
28.575   1.7235187e-04    9.4337
28.625   1.6594627e-04    8.9924
28.675   1.5679162e-04    8.7505
28.725   1.6362308e-04    9.5642
28.775   1.5499261e-04    9.5154
28.825   1.6903869e-04    10.0462
28.875   1.4417083e-04    9.2733
28.925   1.5903014e-04    10.4880
28.975   1.4726388e-04    10.2587
29.025   1.3824098e-04    10.0322
29.075   1.4921717e-04    9.0663
29.125   1.4814289e-04    9.6464
29.175   1.5901391e-04    9.3529
29.225   1.5191284e-04    9.6224
29.275   1.4509086e-04    9.8405
29.325   1.3807872e-04    9.5820
29.375   1.4015976e-04    9.6254
29.425   1.6821421e-04    12.3477
29.475   1.5496660e-04    10.0412
29.525   1.5113416e-04    9.2227
29.575   1.5343523e-04    11.5312
29.625   1.4534008e-04    9.4564
29.675   1.3808577e-04    9.7784
29.725   1.3735305e-04    10.5117
29.775   1.5551578e-04    10.3203
29.825   1.3940686e-04    10.9440
29.875   1.4719270e-04    9.8151
29.925   1.5016227e-04    10.1459
29.975   1.5031580e-04    9.7489
30.025   1.3889014e-04    10.0483
30.075   1.3678869e-04    10.3443
30.125   1.2467133e-04    9.7627
30.175   1.3566635e-04    12.0590
30.225   1.4302026e-04    9.6724
30.275   1.3030233e-04    10.1457
30.325   1.3959100e-04    10.1468
30.375   1.2659135e-04    9.6070
30.425   1.3213991e-04    10.0551
30.475   1.2559824e-04    11.3491
30.525   1.4335150e-04    11.1623
30.575   1.3640600e-04    10.7848
30.625   1.2630592e-04    9.9827
30.675   1.4408993e-04    9.5972
30.725   1.4256917e-04    10.0023
30.775   1.3269380e-04    11.8026
30.825   1.3741698e-04    10.8543
30.875   1.3088164e-04    10.0603
30.925   1.3156394e-04    9.9781
30.975   1.2114683e-04    10.7088
31.025   1.1310383e-04    10.2454
31.075   1.2104709e-04    10.9097
31.125   1.1321441e-04    9.8929
31.175   1.3106115e-04    10.7129
31.225   1.3014867e-04    11.3030
31.275   1.1518071e-04    10.7664
31.325   1.2422714e-04    10.5317
31.375   1.3400963e-04    10.1512
31.425   1.3615241e-04    12.1820
31.475   1.2091643e-04    10.0914
31.525   1.2790157e-04    9.7332
31.575   1.3108102e-04    11.1359
31.625   1.1939861e-04    12.5094
31.675   1.2064112e-04    10.5796
31.725   1.1849477e-04    10.4293
31.775   1.1085442e-04    11.1029
31.825   1.2338143e-04    10.2070
31.875   1.4052841e-04    11.5013
31.925   1.2064248e-04    10.4709
31.975   1.1662565e-04    11.0488
32.025   1.1582123e-04    10.9569
32.075   1.1265901e-04    10.2577
32.125   1.1821363e-04    10.2307
32.175   1.1961553e-04    10.4694
32.225   1.0370170e-04    10.6552
32.275   1.1027476e-04    11.5076
32.325   1.2433389e-04    11.0334
32.375   1.1838546e-04    10.8611
32.425   1.1761169e-04    10.6640
32.475   1.2224255e-04    12.1456
32.525   1.0983375e-04    11.5615
32.575   1.3011628e-04    11.7021
32.625   1.1672322e-04    10.4854
32.675   1.0955568e-04    10.6644
32.725   1.1260011e-04    11.3663
32.775   1.0394805e-04    10.8823
32.825   1.0309419e-04    10.4444
32.875   1.2254869e-04    10.8582
32.925   1.2662155e-04    9.9426
32.975   1.1248676e-04    11.1584
33.025   1.1350750e-04    11.4159
33.075   1.1849348e-04    10.4512
33.125   1.1209151e-04    10.5927
33.175   1.2184250e-04    12.9570
33.225   1.0852137e-04    12.3982
33.275   1.1266731e-04    11.9400
33.325   1.0787200e-04    10.7383
33.375   1.1609272e-04    11.6276
33.425   1.0487618e-04    10.5081
33.475   1.2327350e-04    13.4508
33.525   1.2363638e-04    11.8929
33.575   1.1408851e-04    12.3445
33.625   1.0740453e-04    12.2122
33.675   1.0540257e-04    11.8310
33.725   9.9999697e-05    11.3887
33.775   1.0268082e-04    11.6848
33.825   1.0669903e-04    10.9146
33.875   9.5132781e-05    11.6885
33.925   1.0181483e-04    11.6094
33.975   1.0602645e-04    13.9477
34.025   1.0288285e-04    12.2487
34.075   8.5042974e-05    12.0971
34.125   9.2732860e-05    13.1634
34.175   9.3432375e-05    13.1642
34.225   1.0066146e-04    11.7922
34.275   9.8785685e-05    11.4230
34.325   9.1999907e-05    12.7334
34.375   1.0521481e-04    11.9217
34.425   8.7928317e-05    12.6746
34.475   9.4364088e-05    12.4019
34.525   8.3373462e-05    11.8585
34.575   9.6647955e-05    12.1733
34.625   9.4183300e-05    12.2790
34.675   9.7077014e-05    15.3705
34.725   9.3048788e-05    12.0064
34.775   9.6119602e-05    12.2558
34.825   9.1287581e-05    14.3290
34.875   9.6011538e-05    12.9778
34.925   9.7197867e-05    12.4494
34.975   9.9080122e-05    12.6193
35.025   8.8248952e-05    12.8181
35.075   8.2280053e-05    11.4581
35.125   8.6412211e-05    12.4174
35.175   9.0338996e-05    12.9692
35.225   7.4819138e-05    12.1924
35.275   8.5327719e-05    13.2089
35.325   7.9136247e-05    12.5193
35.375   7.3435759e-05    11.6842
35.425   8.7711681e-05    12.2070
35.475   8.5914725e-05    12.5074
35.525   8.6036481e-05    12.3210
35.575   8.4718002e-05    13.0409
35.625   8.4530172e-05    13.3576
35.675   8.5859367e-05    14.0566
35.725   8.4296024e-05    12.9187
35.775   8.5541666e-05    13.2821
35.825   8.0330326e-05    13.3810
35.875   7.8494293e-05    12.5095
35.925   9.3378049e-05    13.6010
35.975   8.0408716e-05    12.8091
36.025   9.1623132e-05    13.1501
36.075   8.8251222e-05    13.5277
36.125   9.2311430e-05    13.1520
36.175   9.3245523e-05    13.0111
36.225   9.0631191e-05    13.1259
36.275   8.2302888e-05    13.6415
36.325   8.4378356e-05    17.6768
36.375   7.4975111e-05    13.0406
36.425   7.9669279e-05    13.9719
36.475   7.6230757e-05    13.7469
36.525   8.0509122e-05    13.8493
36.575   7.8092319e-05    12.7913
36.625   7.5510671e-05    14.5581
36.675   7.7146328e-05    13.1350
36.725   8.3056207e-05    16.4564
36.775   7.6193117e-05    12.5616
36.825   7.7099562e-05    13.2264
36.875   8.5307583e-05    13.5237
36.925   8.8629329e-05    15.3617
36.975   7.4636769e-05    13.5805
37.025   6.9991428e-05    12.3361
37.075   7.2234788e-05    12.7554
37.125   8.1696592e-05    13.5113
37.175   7.6548987e-05    12.5627
37.225   8.8314577e-05    14.1088
37.275   6.0170898e-05    12.3828
37.325   7.1189453e-05    14.9311
37.375   6.7566769e-05    14.6795
37.425   7.7404739e-05    14.7343
37.475   7.2774948e-05    14.9863
37.525   6.3246668e-05    13.8866
37.575   6.6424895e-05    13.8137
37.625   8.0012107e-05    16.9353
37.675   7.3944564e-05    14.1368
37.725   7.9448970e-05    14.9482
37.775   6.7893616e-05    13.2104
37.825   7.8016541e-05    12.5179
37.875   8.0309867e-05    13.7689
37.925   8.2657036e-05    15.2545
37.975   7.4770081e-05    12.8770
38.025   8.5721592e-05    13.6388
38.075   6.9536209e-05    13.9502
38.125   6.7890504e-05    14.8076
38.175   7.8093494e-05    13.3859
38.225   7.3937151e-05    13.9126
38.275   7.1012527e-05    16.0443
38.325   7.0146691e-05    15.6474
38.375   7.1360562e-05    13.7168
38.425   6.9811499e-05    13.6860
38.475   7.7612152e-05    17.0445
38.525   6.8157529e-05    13.7848
38.575   7.6385473e-05    16.3619
38.625   5.4159488e-05    14.7649
38.675   6.1723572e-05    14.5259
38.725   6.8553729e-05    15.5416
38.775   7.4821201e-05    15.9410
38.825   7.0001076e-05    14.8357
38.875   6.1631616e-05    16.5470
38.925   6.8578811e-05    16.3794
38.975   5.8994288e-05    14.5902
39.025   6.0962079e-05    15.9815
39.075   6.0389686e-05    15.2286
39.125   6.6925767e-05    14.7325
39.175   6.7204888e-05    16.2688
39.225   5.9661210e-05    13.9379
39.275   5.8107809e-05    15.7515
39.325   6.3262930e-05    15.1434
39.375   6.3027608e-05    13.2109
39.425   6.6457244e-05    13.8592
39.475   6.6476894e-05    15.3606
39.525   6.3395804e-05    14.7068
39.575   6.6818374e-05    14.1168
39.625   6.8970310e-05    16.9131
39.675   5.7587654e-05    14.3696
39.725   5.7433101e-05    15.4739
39.775   6.1025858e-05    13.9516
39.825   6.5839302e-05    15.9339
39.875   5.6529905e-05    14.9799
39.925   6.6076913e-05    17.1587
39.975   5.2795529e-05    14.1753
