SOBP group - Emax: 150 MeV - Width (X): 30%
Energy of the incident proton beam: 125.452 MeV
Depth (cm)  |  EnergyDeposit (a.u.)  |  Error (%)
0.025    1.8151073e-01    0.0853
0.075    1.8553155e-01    0.0868
0.125    1.8645482e-01    0.0900
0.175    1.8736309e-01    0.0927
0.225    1.8795777e-01    0.0902
0.275    1.8839318e-01    0.0908
0.325    1.8919699e-01    0.0927
0.375    1.8985916e-01    0.0949
0.425    1.9034541e-01    0.0940
0.475    1.9085164e-01    0.0928
0.525    1.9131453e-01    0.0911
0.575    1.9207134e-01    0.0958
0.625    1.9235978e-01    0.0916
0.675    1.9299151e-01    0.0936
0.725    1.9341877e-01    0.0939
0.775    1.9398077e-01    0.0941
0.825    1.9448542e-01    0.0947
0.875    1.9482027e-01    0.0916
0.925    1.9537597e-01    0.0920
0.975    1.9599412e-01    0.0955
1.025    1.9641011e-01    0.0932
1.075    1.9673521e-01    0.0921
1.125    1.9727080e-01    0.0926
1.175    1.9771551e-01    0.0925
1.225    1.9822117e-01    0.0936
1.275    1.9870076e-01    0.0925
1.325    1.9910462e-01    0.0904
1.375    1.9978584e-01    0.0945
1.425    2.0009700e-01    0.0922
1.475    2.0060407e-01    0.0925
1.525    2.0105146e-01    0.0930
1.575    2.0138847e-01    0.0916
1.625    2.0168780e-01    0.0910
1.675    2.0209077e-01    0.0886
1.725    2.0269087e-01    0.0908
1.775    2.0330739e-01    0.0930
1.825    2.0373802e-01    0.0919
1.875    2.0432079e-01    0.0927
1.925    2.0463483e-01    0.0916
1.975    2.0509200e-01    0.0918
2.025    2.0539119e-01    0.0905
2.075    2.0575260e-01    0.0895
2.125    2.0634950e-01    0.0905
2.175    2.0676702e-01    0.0902
2.225    2.0735341e-01    0.0921
2.275    2.0778499e-01    0.0910
2.325    2.0824347e-01    0.0911
2.375    2.0855722e-01    0.0882
2.425    2.0900467e-01    0.0886
2.475    2.0945200e-01    0.0888
2.525    2.1002212e-01    0.0899
2.575    2.1019023e-01    0.0869
2.625    2.1082993e-01    0.0884
2.675    2.1139947e-01    0.0894
2.725    2.1168699e-01    0.0878
2.775    2.1239514e-01    0.0901
2.825    2.1289818e-01    0.0900
2.875    2.1315623e-01    0.0884
2.925    2.1387037e-01    0.0899
2.975    2.1424656e-01    0.0896
3.025    2.1451756e-01    0.0870
3.075    2.1492225e-01    0.0862
3.125    2.1571737e-01    0.0894
3.175    2.1615278e-01    0.0885
3.225    2.1650738e-01    0.0856
3.275    2.1693518e-01    0.0844
3.325    2.1743739e-01    0.0851
3.375    2.1794311e-01    0.0862
3.425    2.1851249e-01    0.0855
3.475    2.1909259e-01    0.0870
3.525    2.1946133e-01    0.0859
3.575    2.1989286e-01    0.0846
3.625    2.2054335e-01    0.0862
3.675    2.2098050e-01    0.0849
3.725    2.2146539e-01    0.0834
3.775    2.2201406e-01    0.0839
3.825    2.2255758e-01    0.0853
3.875    2.2315605e-01    0.0844
3.925    2.2368144e-01    0.0853
3.975    2.2407833e-01    0.0841
4.025    2.2468060e-01    0.0842
4.075    2.2499891e-01    0.0818
4.125    2.2555611e-01    0.0813
4.175    2.2610780e-01    0.0817
4.225    2.2661857e-01    0.0816
4.275    2.2724702e-01    0.0822
4.325    2.2782524e-01    0.0810
4.375    2.2865311e-01    0.0844
4.425    2.2904434e-01    0.0808
4.475    2.2976148e-01    0.0831
4.525    2.3016725e-01    0.0804
4.575    2.3076345e-01    0.0800
4.625    2.3150876e-01    0.0826
4.675    2.3198201e-01    0.0816
4.725    2.3252941e-01    0.0800
4.775    2.3332906e-01    0.0829
4.825    2.3385351e-01    0.0807
4.875    2.3459415e-01    0.0824
4.925    2.3499910e-01    0.0798
4.975    2.3574953e-01    0.0804
5.025    2.3631663e-01    0.0797
5.075    2.3686047e-01    0.0787
5.125    2.3747345e-01    0.0789
5.175    2.3816351e-01    0.0790
5.225    2.3885682e-01    0.0787
5.275    2.3951786e-01    0.0780
5.325    2.4020550e-01    0.0794
5.375    2.4093734e-01    0.0786
5.425    2.4159204e-01    0.0786
5.475    2.4225198e-01    0.0784
5.525    2.4299023e-01    0.0791
5.575    2.4360761e-01    0.0775
5.625    2.4433089e-01    0.0768
5.675    2.4504535e-01    0.0771
5.725    2.4585398e-01    0.0785
5.775    2.4644644e-01    0.0766
5.825    2.4717125e-01    0.0759
5.875    2.4775665e-01    0.0747
5.925    2.4863485e-01    0.0748
5.975    2.4943581e-01    0.0759
6.025    2.5011049e-01    0.0747
6.075    2.5097701e-01    0.0763
6.125    2.5177654e-01    0.0755
6.175    2.5271329e-01    0.0767
6.225    2.5328824e-01    0.0737
6.275    2.5414679e-01    0.0741
6.325    2.5504530e-01    0.0738
6.375    2.5588978e-01    0.0736
6.425    2.5670960e-01    0.0735
6.475    2.5749529e-01    0.0736
6.525    2.5833753e-01    0.0730
6.575    2.5927102e-01    0.0725
6.625    2.6009018e-01    0.0718
6.675    2.6105934e-01    0.0719
6.725    2.6196773e-01    0.0713
6.775    2.6320949e-01    0.0727
6.825    2.6387016e-01    0.0709
6.875    2.6489388e-01    0.0716
6.925    2.6590597e-01    0.0718
6.975    2.6696766e-01    0.0715
7.025    2.6796105e-01    0.0709
7.075    2.6909243e-01    0.0708
7.125    2.6996078e-01    0.0697
7.175    2.7115899e-01    0.0698
7.225    2.7230730e-01    0.0702
7.275    2.7338257e-01    0.0695
7.325    2.7442744e-01    0.0687
7.375    2.7550656e-01    0.0682
7.425    2.7680882e-01    0.0690
7.475    2.7782151e-01    0.0668
7.525    2.7920236e-01    0.0682
7.575    2.8026395e-01    0.0669
7.625    2.8148526e-01    0.0667
7.675    2.8300324e-01    0.0676
7.725    2.8417245e-01    0.0669
7.775    2.8555390e-01    0.0672
7.825    2.8695148e-01    0.0671
7.875    2.8824859e-01    0.0664
7.925    2.8940169e-01    0.0652
7.975    2.9116079e-01    0.0665
8.025    2.9263672e-01    0.0652
8.075    2.9416774e-01    0.0652
8.125    2.9566166e-01    0.0647
8.175    2.9718263e-01    0.0639
8.225    2.9890913e-01    0.0650
8.275    3.0034309e-01    0.0642
8.325    3.0190519e-01    0.0645
8.375    3.0356808e-01    0.0626
8.425    3.0555294e-01    0.0642
8.475    3.0717048e-01    0.0625
8.525    3.0898660e-01    0.0619
8.575    3.1088050e-01    0.0614
8.625    3.1283753e-01    0.0618
8.675    3.1494163e-01    0.0620
8.725    3.1699727e-01    0.0618
8.775    3.1894168e-01    0.0603
8.825    3.2107120e-01    0.0598
8.875    3.2365646e-01    0.0610
8.925    3.2606352e-01    0.0607
8.975    3.2858601e-01    0.0608
9.025    3.3111945e-01    0.0608
9.075    3.3375831e-01    0.0607
9.125    3.3622256e-01    0.0593
9.175    3.3888221e-01    0.0588
9.225    3.4149214e-01    0.0583
9.275    3.4456324e-01    0.0584
9.325    3.4751378e-01    0.0583
9.375    3.5058971e-01    0.0579
9.425    3.5392727e-01    0.0585
9.475    3.5719193e-01    0.0578
9.525    3.6058050e-01    0.0574
9.575    3.6409612e-01    0.0573
9.625    3.6783702e-01    0.0573
9.675    3.7188149e-01    0.0580
9.725    3.7566413e-01    0.0570
9.775    3.8014827e-01    0.0585
9.825    3.8458651e-01    0.0585
9.875    3.8909277e-01    0.0584
9.925    3.9378446e-01    0.0582
9.975    3.9853153e-01    0.0569
10.025   4.0392674e-01    0.0574
10.075   4.0899893e-01    0.0562
10.125   4.1433789e-01    0.0550
10.175   4.2030313e-01    0.0549
10.225   4.2647303e-01    0.0538
10.275   4.3303065e-01    0.0530
10.325   4.4001789e-01    0.0523
10.375   4.4766021e-01    0.0520
10.425   4.5588251e-01    0.0518
10.475   4.6386994e-01    0.0500
10.525   4.7333639e-01    0.0502
10.575   4.8329298e-01    0.0494
10.625   4.9412448e-01    0.0488
10.675   5.0583863e-01    0.0483
10.725   5.1865692e-01    0.0481
10.775   5.3272334e-01    0.0478
10.825   5.4806909e-01    0.0476
10.875   5.6511990e-01    0.0476
10.925   5.8405790e-01    0.0476
10.975   6.0554910e-01    0.0476
11.025   6.2971669e-01    0.0478
11.075   6.5716153e-01    0.0478
11.125   6.8936260e-01    0.0481
11.175   7.2710419e-01    0.0485
11.225   7.7254138e-01    0.0495
11.275   8.2682057e-01    0.0511
11.325   8.8837840e-01    0.0534
11.375   9.4957445e-01    0.0566
11.425   9.9428515e-01    0.0611
11.475   1.0000000e+00    0.0677
11.525   9.4404203e-01    0.0780
11.575   8.1961885e-01    0.0936
11.625   6.3996836e-01    0.1173
11.675   4.4372486e-01    0.1529
11.725   2.6932964e-01    0.2086
11.775   1.4121551e-01    0.2995
11.825   6.3822109e-02    0.4557
11.875   2.4828675e-02    0.7398
11.925   8.3945200e-03    1.2755
11.975   2.7833291e-03    2.2053
12.025   1.2175860e-03    3.5157
12.075   8.1817089e-04    4.0282
12.125   7.4304158e-04    4.4835
12.175   7.4667823e-04    4.3803
12.225   7.1062311e-04    4.5243
12.275   7.0311194e-04    4.5004
12.325   6.8045851e-04    4.4481
12.375   6.9944254e-04    4.6257
12.425   6.6023614e-04    4.5438
12.475   6.6887141e-04    4.5774
12.525   6.9078095e-04    4.4357
12.575   6.8900088e-04    4.5922
12.625   6.4779092e-04    4.6453
12.675   6.7962287e-04    4.7583
12.725   6.6773844e-04    4.6906
12.775   6.6220250e-04    4.7567
12.825   6.4432612e-04    4.6987
12.875   6.3498407e-04    4.6214
12.925   6.5558056e-04    4.7575
12.975   6.2843976e-04    4.8395
13.025   6.4077914e-04    4.7831
13.075   6.4093363e-04    4.7374
13.125   6.2110092e-04    4.8512
13.175   6.0332554e-04    4.9356
13.225   5.9196397e-04    4.8936
13.275   5.7928367e-04    4.8672
13.325   5.9498242e-04    4.9132
13.375   6.3716246e-04    5.1268
13.425   5.9952056e-04    4.9076
13.475   5.7851025e-04    4.9352
13.525   6.0213467e-04    4.8861
13.575   5.6251174e-04    5.0150
13.625   5.8969084e-04    4.8384
13.675   6.0756036e-04    4.9992
13.725   5.6765915e-04    5.1200
13.775   5.5278257e-04    5.0132
13.825   5.5194847e-04    5.2489
13.875   5.6737754e-04    5.1229
13.925   5.8004424e-04    5.0059
13.975   5.5322266e-04    5.0816
14.025   5.5236912e-04    4.9869
14.075   5.1761162e-04    5.2303
14.125   5.1172732e-04    5.2905
14.175   5.2425825e-04    5.1573
14.225   5.2705321e-04    5.4121
14.275   5.2094239e-04    5.3619
14.325   5.3054478e-04    5.2456
14.375   5.4439117e-04    5.2235
14.425   5.2096943e-04    5.7088
14.475   5.2747729e-04    5.1892
14.525   5.0042820e-04    5.2275
14.575   4.9326727e-04    5.4869
14.625   4.8566087e-04    5.2863
14.675   5.1775274e-04    5.4697
14.725   5.2729628e-04    5.2813
14.775   5.0891571e-04    5.0784
14.825   5.2667722e-04    5.4817
14.875   5.3961524e-04    5.2630
14.925   5.2062321e-04    5.3656
14.975   5.1204993e-04    5.3212
15.025   5.0647975e-04    5.4252
15.075   4.8929439e-04    5.3819
15.125   5.0594411e-04    5.8522
15.175   4.6087369e-04    5.2936
15.225   4.9179307e-04    5.6629
15.275   4.9623577e-04    5.5052
15.325   4.7647051e-04    5.6569
15.375   4.6432587e-04    5.6386
15.425   4.6587740e-04    5.5577
15.475   4.6044443e-04    5.8053
15.525   4.5762835e-04    5.5755
15.575   4.6828793e-04    5.6316
15.625   4.6345416e-04    5.7155
15.675   4.4968421e-04    5.9396
15.725   4.5425187e-04    5.7140
15.775   4.6564988e-04    5.7348
15.825   4.5830431e-04    5.7658
15.875   4.5060335e-04    5.6108
15.925   4.4195970e-04    5.5158
15.975   4.1725275e-04    5.6269
16.025   4.4462478e-04    6.0340
16.075   4.3258112e-04    5.6918
16.125   4.4744658e-04    6.1684
16.175   4.1196853e-04    5.8921
16.225   4.1441790e-04    5.6240
16.275   4.2914229e-04    5.9441
16.325   3.9009639e-04    5.7825
16.375   4.0471661e-04    6.1190
16.425   4.0450806e-04    5.9353
16.475   3.7808488e-04    5.7903
16.525   4.1790082e-04    6.0207
16.575   3.7571782e-04    5.7745
16.625   4.0492693e-04    6.3414
16.675   4.2187874e-04    6.3448
16.725   4.2456691e-04    6.4207
16.775   4.2458987e-04    6.2226
16.825   4.0641318e-04    5.9180
16.875   3.8553980e-04    6.0155
16.925   3.9254213e-04    6.0528
16.975   3.9473834e-04    6.0176
17.025   3.8420700e-04    6.1134
17.075   3.8061146e-04    6.1661
17.125   3.8559032e-04    6.2259
17.175   3.8076269e-04    6.2391
17.225   3.7341295e-04    6.2645
17.275   3.7476197e-04    6.4339
17.325   3.7176589e-04    6.2298
17.375   3.5740389e-04    6.0937
17.425   3.6422680e-04    6.3504
17.475   3.6115304e-04    6.1273
17.525   3.8371503e-04    6.3908
17.575   3.5898375e-04    6.3304
17.625   3.8368042e-04    6.5655
17.675   3.6055941e-04    6.5702
17.725   3.5402958e-04    5.8556
17.775   3.7257178e-04    6.5353
17.825   3.4641099e-04    6.3027
17.875   3.5593741e-04    6.4050
17.925   3.3920346e-04    6.5405
17.975   3.2605881e-04    6.2669
18.025   3.4211630e-04    6.8689
18.075   3.3439892e-04    6.4793
18.125   3.3836889e-04    6.2719
18.175   3.6210157e-04    6.8316
18.225   3.3040565e-04    6.5862
18.275   3.3038144e-04    6.4205
18.325   3.2523088e-04    6.4006
18.375   3.2090926e-04    6.7410
18.425   3.4934279e-04    7.2908
18.475   3.2476199e-04    6.5773
18.525   3.1843974e-04    6.2859
18.575   3.2576843e-04    7.0318
18.625   3.2583484e-04    6.4372
18.675   3.2198376e-04    6.3613
18.725   3.2122064e-04    6.8351
18.775   3.1508948e-04    6.5213
18.825   3.4522714e-04    6.9967
18.875   3.2332355e-04    6.5356
18.925   3.1307761e-04    6.8793
18.975   3.1354247e-04    6.6596
19.025   3.1034157e-04    6.7654
19.075   3.1533518e-04    6.9208
19.125   3.2966964e-04    7.0121
19.175   3.2350511e-04    6.7530
19.225   2.8742078e-04    6.4980
19.275   2.9537768e-04    6.8608
19.325   3.2171680e-04    7.0597
19.375   3.3316647e-04    7.1434
19.425   2.9991669e-04    7.0987
19.475   2.8812466e-04    7.0217
19.525   3.0199610e-04    7.0328
19.575   3.0174443e-04    7.1249
19.625   2.9064886e-04    7.5330
19.675   2.9008179e-04    6.9288
19.725   2.9728584e-04    7.0791
19.775   3.0952536e-04    7.3102
19.825   2.8502893e-04    6.9166
19.875   3.0265952e-04    7.3197
19.925   2.8496993e-04    7.2482
19.975   2.8219439e-04    7.2172
20.025   2.8070097e-04    7.2313
20.075   2.7027989e-04    7.0117
20.125   2.8526294e-04    7.5330
20.175   2.8255618e-04    7.3101
20.225   2.7170904e-04    7.2688
20.275   2.7242907e-04    7.3816
20.325   2.6860347e-04    7.3386
20.375   2.3646678e-04    7.1017
20.425   2.5529678e-04    7.9358
20.475   2.5788718e-04    7.9689
20.525   2.4142717e-04    7.1798
20.575   2.6167334e-04    7.3862
20.625   2.6511132e-04    7.4998
20.675   2.5576464e-04    7.6461
20.725   2.4083459e-04    7.9572
20.775   2.4104483e-04    7.4693
20.825   2.6244911e-04    7.2737
20.875   2.6663455e-04    7.3894
20.925   2.6420634e-04    7.8765
20.975   2.5995124e-04    7.3911
21.025   2.5253198e-04    7.6817
21.075   2.3679784e-04    7.4501
21.125   2.4731485e-04    7.7172
21.175   2.5050438e-04    7.6804
21.225   2.3983854e-04    7.7082
21.275   2.5822873e-04    8.4255
21.325   2.5037202e-04    7.5579
21.375   2.4514912e-04    7.9605
21.425   2.3926686e-04    7.5707
21.475   2.4751322e-04    8.1763
21.525   2.2768033e-04    8.2961
21.575   2.1817126e-04    7.8934
21.625   2.4762837e-04    9.2956
21.675   2.2618244e-04    8.0940
21.725   2.8296425e-04    8.5912
21.775   2.5301067e-04    8.0219
21.825   2.3901614e-04    8.4897
21.875   2.2153433e-04    8.4121
21.925   2.3749819e-04    8.0564
21.975   2.2228852e-04    7.7140
22.025   2.2495077e-04    8.4910
22.075   2.1787974e-04    7.6295
22.125   2.2446626e-04    7.9024
22.175   2.2237407e-04    7.7951
22.225   2.1243766e-04    7.5104
22.275   2.2758818e-04    8.5112
22.325   2.4570753e-04    8.8788
22.375   2.1324280e-04    7.9185
22.425   2.2159061e-04    8.3740
22.475   2.3195683e-04    8.7188
22.525   2.3761530e-04    9.2917
22.575   2.0093241e-04    8.1759
22.625   2.0326896e-04    7.9921
22.675   2.0021949e-04    8.1738
22.725   2.1173363e-04    8.2104
22.775   2.3143762e-04    8.9808
22.825   2.1634904e-04    7.8410
22.875   2.0986281e-04    8.3615
22.925   2.1879428e-04    8.5493
22.975   2.0061725e-04    8.0127
23.025   1.9824779e-04    8.6226
23.075   2.2213394e-04    9.3116
23.125   2.0020539e-04    8.7989
23.175   2.1080561e-04    9.3609
23.225   2.1866897e-04    8.8485
23.275   2.0928303e-04    8.5781
23.325   2.2562438e-04    9.3205
23.375   1.9616793e-04    8.2803
23.425   1.9317079e-04    9.0706
23.475   1.8528456e-04    8.2201
23.525   2.0558109e-04    8.9309
23.575   1.9253245e-04    8.7220
23.625   2.0466986e-04    9.2199
23.675   1.9239825e-04    8.7782
23.725   1.9343272e-04    9.1561
23.775   1.8698622e-04    9.2236
23.825   1.8973618e-04    8.9826
23.875   1.7064198e-04    8.9125
23.925   1.8207813e-04    9.3653
23.975   1.8850266e-04    9.5891
24.025   1.9226471e-04    9.1377
24.075   1.6957360e-04    8.9365
24.125   1.8448462e-04    9.8656
24.175   1.6629062e-04    8.6499
24.225   1.7430505e-04    8.9714
24.275   1.7420281e-04    9.0716
24.325   1.7352351e-04    10.2848
24.375   1.7037902e-04    9.9540
24.425   1.7121553e-04    9.6123
24.475   1.6383492e-04    9.3664
24.525   1.7261371e-04    9.0219
24.575   1.7147105e-04    8.9773
24.625   1.7074903e-04    9.5555
24.675   1.7067661e-04    9.9968
24.725   1.6525709e-04    9.2928
24.775   1.5999337e-04    9.8535
24.825   1.6935430e-04    10.1484
24.875   1.8344446e-04    10.1922
24.925   1.6116299e-04    9.2741
24.975   1.6991700e-04    10.0715
25.025   1.7382835e-04    10.1014
25.075   1.7454614e-04    10.2906
25.125   1.7391014e-04    9.4661
25.175   1.5488733e-04    9.0530
25.225   1.7347846e-04    10.8953
25.275   1.6806501e-04    10.0290
25.325   1.6834762e-04    9.3070
25.375   1.6926902e-04    9.7634
25.425   1.4861418e-04    9.5947
25.475   1.5233432e-04    10.0121
25.525   1.4545049e-04    9.7873
25.575   1.4554298e-04    9.5673
25.625   1.5444957e-04    10.6543
25.675   1.4777175e-04    10.8290
25.725   1.5582277e-04    11.1405
25.775   1.5132334e-04    10.6989
25.825   1.4275120e-04    9.3728
25.875   1.6995380e-04    11.3897
25.925   1.3028645e-04    10.7859
25.975   1.3284531e-04    11.2537
26.025   1.3087984e-04    10.2164
26.075   1.5794026e-04    12.6933
26.125   1.3717733e-04    10.4515
26.175   1.3250708e-04    10.1140
26.225   1.3167819e-04    10.0372
26.275   1.5193580e-04    10.6412
26.325   1.4513023e-04    11.4954
26.375   1.4584713e-04    9.8548
26.425   1.4615725e-04    10.6073
26.475   1.4041477e-04    10.4175
26.525   1.5448061e-04    11.0186
26.575   1.5485496e-04    10.7703
26.625   1.5350191e-04    10.5069
26.675   1.4769011e-04    10.6840
26.725   1.3480230e-04    9.8028
26.775   1.4285486e-04    10.4685
26.825   1.4850517e-04    10.3425
26.875   1.3609919e-04    10.0510
26.925   1.4570309e-04    9.4636
26.975   1.3955385e-04    10.0116
27.025   1.3561984e-04    9.4762
27.075   1.3802177e-04    9.7419
27.125   1.3902139e-04    10.3035
27.175   1.4161822e-04    9.7553
27.225   1.4468486e-04    10.3090
27.275   1.3362626e-04    11.4538
27.325   1.3769719e-04    10.8268
27.375   1.3231820e-04    9.5678
27.425   1.3095326e-04    10.7653
27.475   1.3216515e-04    11.6930
27.525   1.2508322e-04    10.2100
27.575   1.2785493e-04    11.2925
27.625   1.3497766e-04    10.7836
27.675   1.2846291e-04    9.9269
27.725   1.3004746e-04    11.3738
27.775   1.3672962e-04    10.3707
27.825   1.4022012e-04    11.1706
27.875   1.4692775e-04    11.2929
27.925   1.2460475e-04    10.0832
27.975   1.3589029e-04    11.8171
28.025   1.2882880e-04    10.4524
28.075   1.2309988e-04    11.5871
28.125   1.2254132e-04    11.0166
28.175   1.1027030e-04    10.6748
28.225   1.2873748e-04    11.6733
28.275   1.1844583e-04    10.2717
28.325   1.2013155e-04    10.6673
28.375   1.3246861e-04    11.0938
28.425   1.1712979e-04    10.7860
28.475   1.0909915e-04    10.2724
28.525   1.2651645e-04    11.9709
28.575   1.2984335e-04    11.4794
28.625   1.3049895e-04    10.7535
28.675   1.2920355e-04    10.7688
28.725   1.1701117e-04    10.6338
28.775   1.1135195e-04    11.1935
28.825   1.1897822e-04    11.5460
28.875   1.2355036e-04    12.3331
28.925   1.1139671e-04    11.5900
28.975   1.0349579e-04    9.7346
29.025   1.1950688e-04    11.4010
29.075   1.0155342e-04    10.8445
29.125   1.1458936e-04    10.5284
29.175   1.2718570e-04    11.3731
29.225   1.2315752e-04    11.0972
29.275   1.1689905e-04    11.6423
29.325   1.1330274e-04    11.0360
29.375   1.1873736e-04    11.3120
29.425   1.2107992e-04    11.4904
29.475   1.0324669e-04    10.7592
29.525   1.1250818e-04    11.8837
29.575   1.1253266e-04    10.9135
29.625   1.1956339e-04    11.5331
29.675   1.0969771e-04    10.3768
29.725   1.1182489e-04    10.8023
29.775   1.1775516e-04    11.6255
29.825   1.1041463e-04    11.1044
29.875   1.0891106e-04    11.2177
29.925   1.0663645e-04    11.0690
29.975   1.0558191e-04    11.5141
30.025   1.2089959e-04    14.0504
30.075   1.0111698e-04    11.5352
30.125   1.0089899e-04    12.7144
30.175   1.0708859e-04    12.9335
30.225   1.1701601e-04    12.4723
30.275   1.0375857e-04    12.1711
30.325   1.0317183e-04    12.6177
30.375   1.1000821e-04    13.3597
30.425   1.0045236e-04    12.2024
30.475   9.3368132e-05    11.3241
30.525   1.1746999e-04    12.6217
30.575   1.0637291e-04    12.1698
30.625   1.0341411e-04    10.8358
30.675   9.8631333e-05    10.9865
30.725   1.0575467e-04    13.3238
30.775   9.9082830e-05    12.8483
30.825   9.6850858e-05    12.8838
30.875   9.5071873e-05    12.9612
30.925   9.8665100e-05    13.8014
30.975   1.0093571e-04    12.5716
31.025   9.9793536e-05    11.7885
31.075   1.0583245e-04    12.6881
31.125   9.7194279e-05    12.6979
31.175   1.0456438e-04    14.7175
31.225   9.3769205e-05    12.5216
31.275   9.4865535e-05    13.2271
31.325   1.0148176e-04    12.0165
31.375   8.8014226e-05    11.4780
31.425   8.7409501e-05    14.1872
31.475   9.1144343e-05    11.8583
31.525   8.7832272e-05    11.6355
31.575   9.2428020e-05    11.9816
31.625   8.8996370e-05    11.0921
31.675   9.2961607e-05    11.7159
31.725   1.0839114e-04    12.5331
31.775   1.0410246e-04    11.6521
31.825   9.8539143e-05    14.5583
31.875   8.5451419e-05    11.5712
31.925   9.0209645e-05    12.6676
31.975   9.8081157e-05    13.6191
32.025   8.5324169e-05    12.3374
32.075   8.5526547e-05    12.6785
32.125   8.8911162e-05    12.0619
32.175   8.2981753e-05    14.3271
32.225   8.3557496e-05    13.3592
32.275   8.2151022e-05    12.1315
32.325   9.0915462e-05    13.6551
32.375   8.7474050e-05    14.6005
32.425   9.1036583e-05    15.0098
32.475   8.3752212e-05    11.1884
32.525   8.9583942e-05    12.9199
32.575   8.7167590e-05    13.9316
32.625   9.2061788e-05    13.9581
32.675   8.8368701e-05    12.4413
32.725   9.6220964e-05    14.1064
32.775   8.5167233e-05    13.3544
32.825   8.5000115e-05    14.5216
32.875   7.7581260e-05    12.8051
32.925   7.9710572e-05    13.4151
32.975   8.2547081e-05    13.1504
33.025   9.2759927e-05    13.1947
33.075   9.0477773e-05    13.7730
33.125   7.9591738e-05    12.7123
33.175   8.0432158e-05    13.6984
33.225   7.7597536e-05    14.3459
33.275   8.2891806e-05    14.1486
33.325   8.4623926e-05    12.8307
33.375   8.5984160e-05    13.5402
33.425   7.0556428e-05    12.6813
33.475   8.4988371e-05    15.4837
33.525   9.2481931e-05    15.9340
33.575   8.3287145e-05    13.9835
33.625   8.1912117e-05    13.8218
33.675   7.4933723e-05    13.9905
33.725   8.9086927e-05    14.2972
33.775   7.4626051e-05    12.4855
33.825   7.4677245e-05    13.8745
33.875   8.4999115e-05    16.3900
33.925   7.4885174e-05    14.3330
33.975   6.9249550e-05    12.9414
34.025   6.9281745e-05    13.1600
34.075   6.2753993e-05    12.7111
34.125   6.7777427e-05    15.0617
34.175   7.4926959e-05    16.9087
34.225   6.9033311e-05    13.2047
34.275   6.9026276e-05    13.0253
34.325   6.7786893e-05    14.2597
34.375   6.6358909e-05    14.1814
34.425   7.1281588e-05    17.3968
34.475   7.1846792e-05    15.6975
34.525   6.8026271e-05    14.6892
34.575   6.5433654e-05    13.8680
34.625   6.2786886e-05    12.9902
34.675   6.7846861e-05    14.1155
34.725   6.3335756e-05    13.6145
34.775   7.3720743e-05    15.6607
34.825   7.6838739e-05    15.6918
34.875   7.1099397e-05    13.8235
34.925   7.2304116e-05    14.4368
34.975   7.3134682e-05    15.2129
35.025   8.7251586e-05    15.4940
35.075   7.6984548e-05    15.1135
35.125   7.0495848e-05    15.2606
35.175   6.9139191e-05    14.0992
35.225   6.3850850e-05    14.7410
35.275   6.3325938e-05    14.0659
35.325   6.8824408e-05    15.4573
35.375   7.4761991e-05    15.4195
35.425   7.0810787e-05    14.9838
35.475   6.6937370e-05    13.5840
35.525   6.4331283e-05    15.4222
35.575   6.5783886e-05    13.7589
35.625   6.6064894e-05    14.3345
35.675   7.4146667e-05    16.3392
35.725   6.7920920e-05    14.2460
35.775   6.7680019e-05    14.8841
35.825   6.3298894e-05    16.2031
35.875   6.4656108e-05    14.7213
35.925   6.4145165e-05    14.0151
35.975   6.5308577e-05    15.0030
36.025   8.0823213e-05    17.8626
36.075   6.8497300e-05    12.5212
36.125   6.6320139e-05    14.1416
36.175   6.0626504e-05    13.4165
36.225   6.8491347e-05    13.9155
36.275   7.5042861e-05    14.4661
36.325   6.6501177e-05    12.9567
36.375   6.5639501e-05    13.5242
36.425   6.7949333e-05    14.2281
36.475   6.3139311e-05    14.1395
36.525   5.5155554e-05    13.6355
36.575   6.4371410e-05    15.6478
36.625   5.7890064e-05    14.6790
36.675   5.9996919e-05    15.5725
36.725   6.6171438e-05    15.2820
36.775   5.3076767e-05    15.2759
36.825   6.2587765e-05    17.9861
36.875   7.2621297e-05    16.1127
36.925   6.5723178e-05    16.2402
36.975   7.1540424e-05    14.5798
37.025   6.4729041e-05    14.5843
37.075   6.0533059e-05    16.6756
37.125   6.5037588e-05    18.3467
37.175   6.7869039e-05    17.8393
37.225   5.2428148e-05    15.9258
37.275   5.2728935e-05    14.8286
37.325   5.1666555e-05    16.4788
37.375   5.2962503e-05    17.1530
37.425   5.9773740e-05    16.7323
37.475   5.3875065e-05    15.0450
37.525   5.7337695e-05    17.4027
37.575   5.5004603e-05    16.8871
37.625   5.7928112e-05    15.9721
37.675   5.2005554e-05    15.7072
37.725   6.0694457e-05    17.3861
37.775   5.1449893e-05    17.7961
37.825   5.0235164e-05    15.8577
37.875   5.2548753e-05    14.2150
37.925   6.3284600e-05    18.1229
37.975   5.9366303e-05    15.4178
38.025   5.6317571e-05    18.9263
38.075   5.2089816e-05    19.4693
38.125   5.6454603e-05    17.8945
38.175   4.8612411e-05    15.3029
38.225   5.6779185e-05    17.1670
38.275   5.7289131e-05    17.2387
38.325   5.9823108e-05    20.9212
38.375   5.1208627e-05    16.7196
38.425   5.4759804e-05    15.1409
38.475   5.7984859e-05    15.6654
38.525   5.9159059e-05    15.5679
38.575   5.6943397e-05    15.8240
38.625   5.7219162e-05    16.7108
38.675   5.4404566e-05    16.4775
38.725   4.9314869e-05    15.5947
38.775   5.0096501e-05    16.9481
38.825   5.0995210e-05    16.8689
38.875   5.6754671e-05    19.6350
38.925   5.8743815e-05    17.9005
38.975   5.6942662e-05    19.6627
39.025   5.2028252e-05    16.7488
39.075   4.3043723e-05    19.1139
39.125   4.6582778e-05    19.9840
39.175   4.6533745e-05    19.2195
39.225   4.1265987e-05    17.7228
39.275   4.3489631e-05    19.8793
39.325   4.8341888e-05    19.1823
39.375   4.3445353e-05    16.3122
39.425   4.5295622e-05    19.7920
39.475   4.9406213e-05    20.9189
39.525   4.2313183e-05    17.7018
39.575   3.8848623e-05    19.4007
39.625   3.8288057e-05    18.7035
39.675   4.7477723e-05    18.5818
39.725   3.9080460e-05    18.5250
39.775   4.4491558e-05    17.6881
39.825   5.9387350e-05    19.7319
39.875   4.3055937e-05    17.8238
39.925   4.1694877e-05    16.7171
39.975   4.6288371e-05    17.4017
