SOBP group - Emax: 150 MeV - Width (X): 30%
Energy of the incident proton beam: 144.911 MeV
Depth (cm)  |  EnergyDeposit (a.u.)  |  Error (%)
0.025    1.8747055e-01    0.0844
0.075    1.9237290e-01    0.0877
0.125    1.9336690e-01    0.0906
0.175    1.9390626e-01    0.0877
0.225    1.9476560e-01    0.0911
0.275    1.9522646e-01    0.0885
0.325    1.9586265e-01    0.0907
0.375    1.9656540e-01    0.0918
0.425    1.9696695e-01    0.0912
0.475    1.9750747e-01    0.0895
0.525    1.9806486e-01    0.0914
0.575    1.9865028e-01    0.0925
0.625    1.9903243e-01    0.0919
0.675    1.9935355e-01    0.0910
0.725    1.9990201e-01    0.0924
0.775    2.0033449e-01    0.0921
0.825    2.0092979e-01    0.0928
0.875    2.0121059e-01    0.0913
0.925    2.0181302e-01    0.0910
0.975    2.0225203e-01    0.0921
1.025    2.0278137e-01    0.0953
1.075    2.0280485e-01    0.0919
1.125    2.0323870e-01    0.0903
1.175    2.0368901e-01    0.0913
1.225    2.0433938e-01    0.0928
1.275    2.0458033e-01    0.0919
1.325    2.0517697e-01    0.0946
1.375    2.0537810e-01    0.0898
1.425    2.0580875e-01    0.0909
1.475    2.0621086e-01    0.0925
1.525    2.0649914e-01    0.0908
1.575    2.0716827e-01    0.0947
1.625    2.0726215e-01    0.0899
1.675    2.0767401e-01    0.0912
1.725    2.0793686e-01    0.0915
1.775    2.0837501e-01    0.0907
1.825    2.0899271e-01    0.0932
1.875    2.0931894e-01    0.0913
1.925    2.0964250e-01    0.0924
1.975    2.1005453e-01    0.0915
2.025    2.1042511e-01    0.0908
2.075    2.1055562e-01    0.0898
2.125    2.1107284e-01    0.0903
2.175    2.1141088e-01    0.0911
2.225    2.1167510e-01    0.0891
2.275    2.1209435e-01    0.0906
2.325    2.1236566e-01    0.0887
2.375    2.1263864e-01    0.0882
2.425    2.1323800e-01    0.0916
2.475    2.1351669e-01    0.0900
2.525    2.1392322e-01    0.0912
2.575    2.1440830e-01    0.0914
2.625    2.1445815e-01    0.0882
2.675    2.1495306e-01    0.0899
2.725    2.1558421e-01    0.0924
2.775    2.1577942e-01    0.0897
2.825    2.1626208e-01    0.0902
2.875    2.1668282e-01    0.0905
2.925    2.1694442e-01    0.0899
2.975    2.1735505e-01    0.0896
3.025    2.1765336e-01    0.0891
3.075    2.1794855e-01    0.0892
3.125    2.1805842e-01    0.0871
3.175    2.1874856e-01    0.0917
3.225    2.1894762e-01    0.0890
3.275    2.1915384e-01    0.0878
3.325    2.1950786e-01    0.0871
3.375    2.2002595e-01    0.0880
3.425    2.2019317e-01    0.0861
3.475    2.2072325e-01    0.0875
3.525    2.2117686e-01    0.0878
3.575    2.2149927e-01    0.0871
3.625    2.2191893e-01    0.0877
3.675    2.2204750e-01    0.0855
3.725    2.2258156e-01    0.0863
3.775    2.2293990e-01    0.0874
3.825    2.2334278e-01    0.0865
3.875    2.2365705e-01    0.0871
3.925    2.2391707e-01    0.0864
3.975    2.2433463e-01    0.0857
4.025    2.2477784e-01    0.0863
4.075    2.2505443e-01    0.0856
4.125    2.2562452e-01    0.0879
4.175    2.2577948e-01    0.0856
4.225    2.2616745e-01    0.0853
4.275    2.2643416e-01    0.0838
4.325    2.2688925e-01    0.0856
4.375    2.2707491e-01    0.0832
4.425    2.2761279e-01    0.0838
4.475    2.2808119e-01    0.0838
4.525    2.2863907e-01    0.0860
4.575    2.2909468e-01    0.0853
4.625    2.2932678e-01    0.0838
4.675    2.2979474e-01    0.0856
4.725    2.3009337e-01    0.0840
4.775    2.3044288e-01    0.0840
4.825    2.3084816e-01    0.0839
4.875    2.3125926e-01    0.0832
4.925    2.3166737e-01    0.0826
4.975    2.3206373e-01    0.0831
5.025    2.3241380e-01    0.0826
5.075    2.3306823e-01    0.0856
5.125    2.3335865e-01    0.0835
5.175    2.3358657e-01    0.0831
5.225    2.3403995e-01    0.0827
5.275    2.3446828e-01    0.0823
5.325    2.3501845e-01    0.0832
5.375    2.3533852e-01    0.0827
5.425    2.3576738e-01    0.0831
5.475    2.3602785e-01    0.0816
5.525    2.3651627e-01    0.0831
5.575    2.3698367e-01    0.0826
5.625    2.3722859e-01    0.0802
5.675    2.3788364e-01    0.0819
5.725    2.3818206e-01    0.0811
5.775    2.3869668e-01    0.0815
5.825    2.3906482e-01    0.0806
5.875    2.3961579e-01    0.0810
5.925    2.4000098e-01    0.0810
5.975    2.4043601e-01    0.0800
6.025    2.4098381e-01    0.0816
6.075    2.4139596e-01    0.0809
6.125    2.4182452e-01    0.0799
6.175    2.4220707e-01    0.0798
6.225    2.4265317e-01    0.0803
6.275    2.4309698e-01    0.0790
6.325    2.4362653e-01    0.0800
6.375    2.4412368e-01    0.0810
6.425    2.4415926e-01    0.0774
6.475    2.4469863e-01    0.0773
6.525    2.4534783e-01    0.0779
6.575    2.4579468e-01    0.0782
6.625    2.4613378e-01    0.0782
6.675    2.4650217e-01    0.0769
6.725    2.4699300e-01    0.0764
6.775    2.4757064e-01    0.0771
6.825    2.4822721e-01    0.0778
6.875    2.4862069e-01    0.0766
6.925    2.4903201e-01    0.0766
6.975    2.4971488e-01    0.0765
7.025    2.5015110e-01    0.0758
7.075    2.5088715e-01    0.0780
7.125    2.5150051e-01    0.0789
7.175    2.5177785e-01    0.0760
7.225    2.5244814e-01    0.0769
7.275    2.5293242e-01    0.0761
7.325    2.5367945e-01    0.0767
7.375    2.5376296e-01    0.0749
7.425    2.5437039e-01    0.0746
7.475    2.5507844e-01    0.0756
7.525    2.5564820e-01    0.0748
7.575    2.5623702e-01    0.0757
7.625    2.5648603e-01    0.0741
7.675    2.5713458e-01    0.0747
7.725    2.5767887e-01    0.0746
7.775    2.5828336e-01    0.0741
7.825    2.5889634e-01    0.0743
7.875    2.5957722e-01    0.0745
7.925    2.6004365e-01    0.0731
7.975    2.6078584e-01    0.0746
8.025    2.6110508e-01    0.0725
8.075    2.6200054e-01    0.0740
8.125    2.6256510e-01    0.0737
8.175    2.6307778e-01    0.0732
8.225    2.6375941e-01    0.0717
8.275    2.6462999e-01    0.0735
8.325    2.6500880e-01    0.0718
8.375    2.6575165e-01    0.0730
8.425    2.6642350e-01    0.0721
8.475    2.6696434e-01    0.0708
8.525    2.6780966e-01    0.0723
8.575    2.6852372e-01    0.0719
8.625    2.6903683e-01    0.0707
8.675    2.6974710e-01    0.0713
8.725    2.7042470e-01    0.0717
8.775    2.7147536e-01    0.0730
8.825    2.7219314e-01    0.0721
8.875    2.7284095e-01    0.0711
8.925    2.7346345e-01    0.0700
8.975    2.7397200e-01    0.0688
9.025    2.7483567e-01    0.0697
9.075    2.7579055e-01    0.0703
9.125    2.7637868e-01    0.0688
9.175    2.7709764e-01    0.0693
9.225    2.7786579e-01    0.0686
9.275    2.7863932e-01    0.0684
9.325    2.7967494e-01    0.0690
9.375    2.8020929e-01    0.0668
9.425    2.8125087e-01    0.0681
9.475    2.8230495e-01    0.0688
9.525    2.8321924e-01    0.0689
9.575    2.8397215e-01    0.0677
9.625    2.8485708e-01    0.0674
9.675    2.8574910e-01    0.0675
9.725    2.8664600e-01    0.0672
9.775    2.8740400e-01    0.0660
9.825    2.8858747e-01    0.0676
9.875    2.8953048e-01    0.0673
9.925    2.9042162e-01    0.0662
9.975    2.9123739e-01    0.0654
10.025   2.9222997e-01    0.0654
10.075   2.9320812e-01    0.0658
10.125   2.9430013e-01    0.0663
10.175   2.9533299e-01    0.0653
10.225   2.9620192e-01    0.0642
10.275   2.9738098e-01    0.0654
10.325   2.9832280e-01    0.0640
10.375   2.9941453e-01    0.0644
10.425   3.0051116e-01    0.0647
10.475   3.0174811e-01    0.0644
10.525   3.0291679e-01    0.0640
10.575   3.0412714e-01    0.0648
10.625   3.0527365e-01    0.0640
10.675   3.0639111e-01    0.0622
10.725   3.0773107e-01    0.0627
10.775   3.0894833e-01    0.0631
10.825   3.1042599e-01    0.0635
10.875   3.1149867e-01    0.0614
10.925   3.1291228e-01    0.0615
10.975   3.1422794e-01    0.0612
11.025   3.1566927e-01    0.0618
11.075   3.1706249e-01    0.0616
11.125   3.1851006e-01    0.0611
11.175   3.2005705e-01    0.0610
11.225   3.2162322e-01    0.0614
11.275   3.2295203e-01    0.0600
11.325   3.2446269e-01    0.0598
11.375   3.2610995e-01    0.0601
11.425   3.2783515e-01    0.0601
11.475   3.2968520e-01    0.0604
11.525   3.3112391e-01    0.0595
11.575   3.3305943e-01    0.0598
11.625   3.3470924e-01    0.0586
11.675   3.3655462e-01    0.0587
11.725   3.3837483e-01    0.0583
11.775   3.4030041e-01    0.0581
11.825   3.4231792e-01    0.0585
11.875   3.4432898e-01    0.0584
11.925   3.4621942e-01    0.0574
11.975   3.4839300e-01    0.0572
12.025   3.5047879e-01    0.0568
12.075   3.5277064e-01    0.0561
12.125   3.5526023e-01    0.0563
12.175   3.5781025e-01    0.0564
12.225   3.6018240e-01    0.0555
12.275   3.6302841e-01    0.0561
12.325   3.6571989e-01    0.0552
12.375   3.6853158e-01    0.0556
12.425   3.7140074e-01    0.0552
12.475   3.7439874e-01    0.0549
12.525   3.7731672e-01    0.0545
12.575   3.8053350e-01    0.0545
12.625   3.8353080e-01    0.0535
12.675   3.8674882e-01    0.0532
12.725   3.9026046e-01    0.0535
12.775   3.9376209e-01    0.0529
12.825   3.9763913e-01    0.0538
12.875   4.0163662e-01    0.0537
12.925   4.0560126e-01    0.0534
12.975   4.0982296e-01    0.0533
13.025   4.1417760e-01    0.0535
13.075   4.1859565e-01    0.0534
13.125   4.2314629e-01    0.0532
13.175   4.2824283e-01    0.0532
13.225   4.3348239e-01    0.0536
13.275   4.3858880e-01    0.0529
13.325   4.4407921e-01    0.0524
13.375   4.4986357e-01    0.0525
13.425   4.5582767e-01    0.0520
13.475   4.6202615e-01    0.0510
13.525   4.6863513e-01    0.0500
13.575   4.7588540e-01    0.0500
13.625   4.8333679e-01    0.0491
13.675   4.9138565e-01    0.0487
13.725   4.9996794e-01    0.0480
13.775   5.0916689e-01    0.0476
13.825   5.1884727e-01    0.0470
13.875   5.2948030e-01    0.0466
13.925   5.4116529e-01    0.0463
13.975   5.5386420e-01    0.0462
14.025   5.6732726e-01    0.0458
14.075   5.8243123e-01    0.0458
14.125   5.9830460e-01    0.0452
14.175   6.1674579e-01    0.0457
14.225   6.3634256e-01    0.0452
14.275   6.5924438e-01    0.0458
14.325   6.8425092e-01    0.0458
14.375   7.1312944e-01    0.0462
14.425   7.4627634e-01    0.0467
14.475   7.8444242e-01    0.0475
14.525   8.2780747e-01    0.0487
14.575   8.7533887e-01    0.0502
14.625   9.2461084e-01    0.0522
14.675   9.6865365e-01    0.0549
14.725   9.9753491e-01    0.0584
14.775   1.0000000e+00    0.0633
14.825   9.6423370e-01    0.0702
14.875   8.8674175e-01    0.0797
14.925   7.6888233e-01    0.0929
14.975   6.2380270e-01    0.1111
15.025   4.6835284e-01    0.1366
15.075   3.2455269e-01    0.1728
15.125   2.0580916e-01    0.2252
15.175   1.1922514e-01    0.3040
15.225   6.2821600e-02    0.4265
15.275   3.0007573e-02    0.6226
15.325   1.3228915e-02    0.9428
15.375   5.6267935e-03    1.4601
15.425   2.5493274e-03    2.1729
15.475   1.4664114e-03    2.9860
15.525   1.1124254e-03    3.4905
15.575   9.7733099e-04    3.5668
15.625   9.3731866e-04    3.6195
15.675   9.3326198e-04    3.7463
15.725   9.1271332e-04    3.5565
15.775   9.3784622e-04    3.7831
15.825   9.1306768e-04    3.6847
15.875   9.2737113e-04    3.6925
15.925   9.2231330e-04    3.6928
15.975   9.1798403e-04    3.7866
16.025   8.7289072e-04    3.6504
16.075   8.9821358e-04    3.6643
16.125   9.0236181e-04    3.8144
16.175   9.3542173e-04    3.9684
16.225   8.9529492e-04    3.7826
16.275   8.7756598e-04    4.0181
16.325   8.6050579e-04    3.8929
16.375   8.7650122e-04    3.8729
16.425   8.5382644e-04    4.0219
16.475   8.9052161e-04    4.0748
16.525   8.4250849e-04    3.8751
16.575   8.1916031e-04    3.8936
16.625   8.1697417e-04    3.8981
16.675   7.9296291e-04    3.9280
16.725   8.1211450e-04    3.9042
16.775   8.3628571e-04    4.0333
16.825   8.4092657e-04    3.9885
16.875   8.2895048e-04    4.0035
16.925   8.1192070e-04    3.9513
16.975   8.1326890e-04    4.0230
17.025   7.9828402e-04    4.1066
17.075   7.9092071e-04    4.1096
17.125   8.2068458e-04    4.1907
17.175   7.7585332e-04    4.0163
17.225   8.0127100e-04    4.0663
17.275   8.0758443e-04    4.1756
17.325   7.6804202e-04    4.1638
17.375   7.4013847e-04    4.1011
17.425   7.3621683e-04    4.1529
17.475   7.4246380e-04    4.0451
17.525   7.4131765e-04    4.1690
17.575   7.1508558e-04    4.1058
17.625   7.5348919e-04    4.1068
17.675   7.3200656e-04    4.1209
17.725   7.4027347e-04    4.1365
17.775   7.5016085e-04    4.1166
17.825   7.3208388e-04    4.3284
17.875   6.8867113e-04    4.0919
17.925   7.0693336e-04    4.1961
17.975   6.9207473e-04    4.2450
18.025   6.9222514e-04    4.2207
18.075   7.1730347e-04    4.1003
18.125   7.0627785e-04    4.2018
18.175   6.9225177e-04    4.2123
18.225   7.1101470e-04    4.2639
18.275   6.9625469e-04    4.1113
18.325   6.7092972e-04    4.2743
18.375   6.7446709e-04    4.5613
18.425   6.6599025e-04    4.2589
18.475   6.8227122e-04    4.4548
18.525   6.8203600e-04    4.5695
18.575   6.7438471e-04    4.5327
18.625   6.5568923e-04    4.3863
18.675   6.5259314e-04    4.3473
18.725   6.5096146e-04    4.3247
18.775   6.4827142e-04    4.3424
18.825   6.8994975e-04    4.4473
18.875   6.8680570e-04    4.4332
18.925   6.7042740e-04    4.3094
18.975   6.6555259e-04    4.4928
19.025   6.4544822e-04    4.5643
19.075   6.4604318e-04    4.4940
19.125   6.0040086e-04    4.6534
19.175   6.0726680e-04    4.5327
19.225   6.3365350e-04    4.6615
19.275   6.2387641e-04    4.5153
19.325   6.1169774e-04    4.6129
19.375   6.1093949e-04    4.8347
19.425   6.3246537e-04    4.7407
19.475   6.0744971e-04    4.5970
19.525   5.9988164e-04    4.6474
19.575   6.2091673e-04    4.9459
19.625   6.0892762e-04    4.5058
19.675   5.8901215e-04    4.5601
19.725   5.9171321e-04    4.7637
19.775   6.0977145e-04    4.7940
19.825   6.1581053e-04    4.8116
19.875   6.0572761e-04    4.8835
19.925   5.8866779e-04    4.7061
19.975   5.8364037e-04    4.8114
20.025   5.9344806e-04    4.6000
20.075   6.0360749e-04    5.0814
20.125   5.8587598e-04    4.7916
20.175   5.5764964e-04    4.6426
20.225   5.7574961e-04    5.0293
20.275   5.5714624e-04    4.8291
20.325   5.6111129e-04    4.8496
20.375   5.4696837e-04    4.8470
20.425   5.5617805e-04    5.0283
20.475   5.4551733e-04    5.0320
20.525   5.4927099e-04    4.7264
20.575   5.4615879e-04    4.8373
20.625   5.5049865e-04    5.0936
20.675   5.5162042e-04    5.0555
20.725   5.4792615e-04    5.0970
20.775   5.5129951e-04    4.9157
20.825   5.3156967e-04    4.9747
20.875   5.2576518e-04    4.7859
20.925   5.2047544e-04    5.2978
20.975   5.1668309e-04    5.0856
21.025   5.1006266e-04    4.9026
21.075   4.9687159e-04    4.8809
21.125   5.2000279e-04    4.9595
21.175   5.3222519e-04    5.4067
21.225   4.9492583e-04    4.9111
21.275   4.9976116e-04    5.2745
21.325   4.9779220e-04    5.2454
21.375   4.7028483e-04    5.0720
21.425   4.7944531e-04    5.5270
21.475   4.6226542e-04    4.8269
21.525   4.9623560e-04    4.9943
21.575   4.9393281e-04    5.4553
21.625   4.8354298e-04    5.3386
21.675   4.6308109e-04    5.1490
21.725   4.8561607e-04    5.6813
21.775   4.6566682e-04    5.2465
21.825   4.7982154e-04    5.2666
21.875   4.9809311e-04    5.0833
21.925   4.4052600e-04    5.1276
21.975   4.7160863e-04    5.8311
22.025   4.5793212e-04    5.2246
22.075   4.6610989e-04    5.5287
22.125   4.3734147e-04    5.1667
22.175   4.3248820e-04    5.3269
22.225   4.5589142e-04    5.1766
22.275   4.4795467e-04    5.7645
22.325   4.3798944e-04    5.3786
22.375   4.5542581e-04    5.6791
22.425   4.2050885e-04    5.3046
22.475   4.2928471e-04    5.4291
22.525   4.2250595e-04    5.4227
22.575   4.3664770e-04    5.6317
22.625   4.6071699e-04    5.5977
22.675   4.4243866e-04    5.8033
22.725   4.3364867e-04    5.2530
22.775   4.1843663e-04    5.3668
22.825   4.0779785e-04    5.3446
22.875   4.3727430e-04    5.5342
22.925   4.4066295e-04    5.4992
22.975   4.4734653e-04    5.8483
23.025   4.2294652e-04    5.4502
23.075   4.4028272e-04    5.5951
23.125   4.1730174e-04    5.5037
23.175   4.2351957e-04    5.5940
23.225   4.0885517e-04    5.5863
23.275   4.0950459e-04    5.6380
23.325   4.0741000e-04    5.7359
23.375   3.9600771e-04    5.5734
23.425   4.2102465e-04    5.9730
23.475   4.1116859e-04    5.8676
23.525   3.9657731e-04    5.7631
23.575   3.9782698e-04    5.3713
23.625   4.1136072e-04    5.9348
23.675   4.0767039e-04    5.3698
23.725   4.1136634e-04    5.7662
23.775   4.1345580e-04    5.5075
23.825   3.7987057e-04    5.9504
23.875   3.8527116e-04    5.9519
23.925   3.7826428e-04    5.5649
23.975   3.8093330e-04    5.7396
24.025   3.8729898e-04    5.7908
24.075   3.8919461e-04    5.8328
24.125   3.7836637e-04    6.5581
24.175   3.7882552e-04    6.1182
24.225   3.6409671e-04    5.9283
24.275   3.7401963e-04    6.1192
24.325   3.7479192e-04    5.9044
24.375   3.7102519e-04    6.0430
24.425   3.9887617e-04    6.3030
24.475   3.7209715e-04    6.0718
24.525   3.5741087e-04    6.0085
24.575   3.2104772e-04    5.9255
24.625   3.2936041e-04    6.4417
24.675   3.3731408e-04    6.1796
24.725   3.4705316e-04    5.9878
24.775   3.3974976e-04    6.0256
24.825   3.3216214e-04    6.2978
24.875   3.3639172e-04    6.0581
24.925   3.2788413e-04    6.0403
24.975   3.5614977e-04    6.3576
25.025   3.4137212e-04    5.9585
25.075   3.0463672e-04    6.1494
25.125   3.2063407e-04    6.0594
25.175   3.2844340e-04    5.8438
25.225   3.4067313e-04    6.2657
25.275   2.9981761e-04    5.8999
25.325   3.3047155e-04    6.0280
25.375   3.3892556e-04    6.3007
25.425   3.5209868e-04    6.3502
25.475   3.3187088e-04    6.3658
25.525   3.3380481e-04    5.9347
25.575   3.3925000e-04    6.4802
25.625   3.1043725e-04    6.2292
25.675   3.1249054e-04    6.3809
25.725   3.2180088e-04    6.5733
25.775   2.9991755e-04    6.1457
25.825   3.0621814e-04    6.4779
25.875   3.0330403e-04    6.6866
25.925   2.9836435e-04    6.3638
25.975   3.0397509e-04    6.5870
26.025   3.0196573e-04    6.5684
26.075   3.1845870e-04    6.6865
26.125   3.0973497e-04    6.4551
26.175   2.8702562e-04    7.1566
26.225   3.0647141e-04    6.8275
26.275   3.0304562e-04    6.7835
26.325   2.8498107e-04    7.1580
26.375   2.6144358e-04    6.5123
26.425   2.8277029e-04    6.6650
26.475   2.9981704e-04    6.5974
26.525   2.8322059e-04    6.9233
26.575   3.0232634e-04    6.4737
26.625   2.9892537e-04    6.6283
26.675   2.9379822e-04    6.5857
26.725   3.0435196e-04    6.6739
26.775   3.0016387e-04    6.6858
26.825   2.9584703e-04    6.5914
26.875   2.8466976e-04    6.5636
26.925   2.7272591e-04    6.6827
26.975   2.8118199e-04    6.7972
27.025   2.7836425e-04    6.5083
27.075   2.9132195e-04    6.9760
27.125   2.6511559e-04    7.0125
27.175   2.8222957e-04    7.1478
27.225   3.1540721e-04    7.5463
27.275   2.7651854e-04    6.6405
27.325   2.6403068e-04    7.1676
27.375   2.6369723e-04    7.0214
27.425   2.6919233e-04    8.0652
27.475   2.5324896e-04    7.1824
27.525   2.5255607e-04    7.3502
27.575   2.4828649e-04    7.4761
27.625   2.6104137e-04    6.7393
27.675   2.7567547e-04    7.2410
27.725   2.5817610e-04    6.9699
27.775   2.6310413e-04    6.9679
27.825   2.7692834e-04    7.5115
27.875   2.5344237e-04    7.1845
27.925   2.4033282e-04    7.9395
27.975   2.2495967e-04    7.2751
28.025   2.5554216e-04    7.6513
28.075   2.6902555e-04    8.0090
28.125   2.6484358e-04    7.4226
28.175   2.4070761e-04    7.2256
28.225   2.4217738e-04    7.4040
28.275   2.3857043e-04    7.1777
28.325   2.1429711e-04    7.1024
28.375   2.4532975e-04    7.3131
28.425   2.3202343e-04    7.4460
28.475   2.2947705e-04    7.3766
28.525   2.4804915e-04    8.4975
28.575   2.3533332e-04    7.4620
28.625   2.3906639e-04    7.2090
28.675   2.4433605e-04    7.7397
28.725   2.3466845e-04    8.0772
28.775   2.3832235e-04    7.6114
28.825   2.2705594e-04    7.1554
28.875   2.3057712e-04    7.4177
28.925   2.3444480e-04    7.4845
28.975   2.2822325e-04    7.9004
29.025   2.2924310e-04    7.4052
29.075   2.3535464e-04    7.5270
29.125   2.2193560e-04    7.1400
29.175   2.2461491e-04    7.7983
29.225   2.4820604e-04    7.6298
29.275   2.1823560e-04    8.2361
29.325   2.2986355e-04    7.8832
29.375   2.2189961e-04    8.0582
29.425   2.1952446e-04    7.6294
29.475   2.0576734e-04    8.9335
29.525   2.0170810e-04    7.3387
29.575   2.0264087e-04    7.3948
29.625   2.1206633e-04    7.6842
29.675   2.2819215e-04    7.5419
29.725   2.2195680e-04    8.9626
29.775   2.2273785e-04    8.1819
29.825   2.2601819e-04    7.6628
29.875   2.2637952e-04    8.3093
29.925   2.2344861e-04    7.7059
29.975   2.1839407e-04    7.5630
30.025   2.2058108e-04    7.4083
30.075   2.1357496e-04    7.3887
30.125   2.2257390e-04    8.7802
30.175   2.3071035e-04    7.5792
30.225   2.3680175e-04    8.0448
30.275   2.0536153e-04    8.1845
30.325   1.9419376e-04    7.4945
30.375   2.0324983e-04    8.3594
30.425   1.8597159e-04    8.2107
30.475   2.0830368e-04    8.2173
30.525   2.1643364e-04    8.0095
30.575   2.1763925e-04    7.9232
30.625   2.0557837e-04    8.6738
30.675   1.9721786e-04    8.0033
30.725   2.1351076e-04    8.0858
30.775   2.0254876e-04    7.8939
30.825   2.1437183e-04    8.3576
30.875   2.1201182e-04    7.8884
30.925   1.9094629e-04    7.5475
30.975   1.9806751e-04    7.9893
31.025   1.9682155e-04    9.6838
31.075   2.0472157e-04    9.8308
31.125   1.9172577e-04    8.1199
31.175   2.0026360e-04    8.1848
31.225   2.0002644e-04    8.7194
31.275   2.0209940e-04    8.4838
31.325   1.8436859e-04    7.9845
31.375   1.8859233e-04    8.7388
31.425   1.8991730e-04    8.3193
31.475   1.8814410e-04    7.8753
31.525   1.8244864e-04    7.3782
31.575   2.0766576e-04    8.0624
31.625   2.0496853e-04    8.6640
31.675   1.9376192e-04    8.7033
31.725   1.7321742e-04    8.2556
31.775   1.8023831e-04    8.9374
31.825   1.8793052e-04    8.5930
31.875   1.8175456e-04    8.0059
31.925   1.8535501e-04    9.6830
31.975   1.7663548e-04    8.9865
32.025   1.8945848e-04    8.1034
32.075   1.8386451e-04    8.8432
32.125   1.9425091e-04    9.1856
32.175   1.8945491e-04    8.1568
32.225   1.7228985e-04    8.6117
32.275   1.7997953e-04    9.9719
32.325   1.8029693e-04    8.8372
32.375   1.5809944e-04    8.5174
32.425   1.5477561e-04    9.3553
32.475   1.5386784e-04    9.5589
32.525   1.5609404e-04    9.3133
32.575   1.5420631e-04    9.1118
32.625   1.5664921e-04    10.1376
32.675   1.6088622e-04    9.2238
32.725   1.5493944e-04    9.8960
32.775   1.5603617e-04    8.8446
32.825   1.5996120e-04    9.1278
32.875   1.6360299e-04    8.2690
32.925   1.8164446e-04    8.7727
32.975   1.6897141e-04    8.3458
33.025   1.8081677e-04    9.4870
33.075   1.7642644e-04    9.0874
33.125   1.6377658e-04    9.1090
33.175   1.7362719e-04    9.0413
33.225   1.7078063e-04    8.6038
33.275   1.7210978e-04    8.5007
33.325   1.6215975e-04    8.6622
33.375   1.6473324e-04    8.9394
33.425   1.8208901e-04    8.7934
33.475   1.5844200e-04    8.4819
33.525   1.5679678e-04    9.6946
33.575   1.5917053e-04    10.2594
33.625   1.4212768e-04    8.8216
33.675   1.5112359e-04    9.6593
33.725   1.3887990e-04    8.6331
33.775   1.5511884e-04    8.8678
33.825   1.7379270e-04    9.8889
33.875   1.6201056e-04    10.2375
33.925   1.5910438e-04    9.4577
33.975   1.4700681e-04    9.5028
34.025   1.4848037e-04    9.7370
34.075   1.4869589e-04    8.6319
34.125   1.4244337e-04    9.4182
34.175   1.5415255e-04    9.6144
34.225   1.5139278e-04    8.8244
34.275   1.4367870e-04    10.2292
34.325   1.3638990e-04    9.1576
34.375   1.6399743e-04    9.4806
34.425   1.6232404e-04    9.3613
34.475   1.4091458e-04    8.9840
34.525   1.4487469e-04    10.0479
34.575   1.3816851e-04    9.7281
34.625   1.4029220e-04    11.2728
34.675   1.4290423e-04    10.1299
34.725   1.3753624e-04    9.5205
34.775   1.3092536e-04    10.0611
34.825   1.3477251e-04    9.9611
34.875   1.4929345e-04    10.3138
34.925   1.3729328e-04    10.9905
34.975   1.3667482e-04    9.7659
35.025   1.3759335e-04    9.9193
35.075   1.3620898e-04    10.7524
35.125   1.3521444e-04    10.5891
35.175   1.2375757e-04    11.4623
35.225   1.1685559e-04    9.9562
35.275   1.0868537e-04    9.8289
35.325   1.2345434e-04    11.2389
35.375   1.1994896e-04    9.6939
35.425   1.2553711e-04    10.0631
35.475   1.4423089e-04    10.9846
35.525   1.3210367e-04    9.8790
35.575   1.3938614e-04    10.0065
35.625   1.2705970e-04    9.5935
35.675   1.3215010e-04    9.7146
35.725   1.3413157e-04    10.4789
35.775   1.2159129e-04    9.9313
35.825   1.1087864e-04    9.5639
35.875   1.3399434e-04    10.7923
35.925   1.3157367e-04    10.3451
35.975   1.2333832e-04    10.6917
36.025   1.3405777e-04    10.9958
36.075   1.3005514e-04    10.8377
36.125   1.1761781e-04    9.5177
36.175   1.3244550e-04    10.1456
36.225   1.2902296e-04    10.8690
36.275   1.3577809e-04    11.0900
36.325   1.1855561e-04    10.1915
36.375   1.1991508e-04    9.9035
36.425   1.2147169e-04    10.7606
36.475   1.1263977e-04    10.9540
36.525   1.1852303e-04    9.6335
36.575   1.2077592e-04    11.1761
36.625   1.3110689e-04    12.3198
36.675   1.1433177e-04    11.3787
36.725   1.2206172e-04    10.5497
36.775   1.1106219e-04    11.0413
36.825   1.1353681e-04    12.9892
36.875   1.1298307e-04    11.6407
36.925   1.2544509e-04    11.2542
36.975   1.1555891e-04    10.6862
37.025   1.1659944e-04    10.9106
37.075   1.2490737e-04    11.6799
37.125   1.1413534e-04    10.5514
37.175   1.1797777e-04    10.2245
37.225   1.2802627e-04    12.5658
37.275   1.1908703e-04    10.0900
37.325   1.1196092e-04    10.7572
37.375   1.0686773e-04    10.8934
37.425   1.0054463e-04    10.8418
37.475   1.0639387e-04    10.6837
37.525   1.1237920e-04    10.7573
37.575   1.0836446e-04    13.8694
37.625   1.1326615e-04    10.6157
37.675   1.1588081e-04    10.4772
37.725   1.0959990e-04    10.3610
37.775   1.0117476e-04    11.6531
37.825   1.1741221e-04    11.2399
37.875   9.6033980e-05    11.3203
37.925   9.9814674e-05    10.8878
37.975   1.0391459e-04    10.7660
38.025   1.1861156e-04    11.3311
38.075   1.0266462e-04    10.5675
38.125   9.9182642e-05    9.4289
38.175   9.9175689e-05    10.3223
38.225   1.0306351e-04    11.9631
38.275   1.0134408e-04    10.5749
38.325   1.0428687e-04    10.7054
38.375   1.0617800e-04    12.4214
38.425   9.9009132e-05    11.2719
38.475   9.5559083e-05    10.6115
38.525   1.0972123e-04    11.2010
38.575   9.8244215e-05    10.4141
38.625   1.0344384e-04    9.8606
38.675   9.9524380e-05    12.6958
38.725   1.1487669e-04    12.1213
38.775   9.8819547e-05    10.7257
38.825   1.1290761e-04    11.3294
38.875   1.1292851e-04    10.4580
38.925   1.1722235e-04    10.2719
38.975   1.0800860e-04    10.4077
39.025   1.1606930e-04    11.6973
39.075   9.6562587e-05    11.0274
39.125   1.0605999e-04    12.6320
39.175   9.3549723e-05    11.3158
39.225   1.0611034e-04    11.9344
39.275   9.9685433e-05    11.1326
39.325   9.6799159e-05    9.6592
39.375   1.0813233e-04    11.8719
39.425   1.1641758e-04    12.9048
39.475   9.7677220e-05    10.4804
39.525   8.8735262e-05    11.5371
39.575   9.8824486e-05    12.1979
39.625   9.4363903e-05    11.9760
39.675   9.2234892e-05    11.4519
39.725   8.4982130e-05    11.8496
39.775   8.8059788e-05    11.3854
39.825   9.9212039e-05    12.6027
39.875   8.6617446e-05    15.2736
39.925   7.5118435e-05    12.6427
39.975   9.3086978e-05    13.4808
