SOBP group - Emax: 150 MeV - Width (X): 30%
Energy of the incident proton beam: 150.0 MeV
Depth (cm)  |  EnergyDeposit (a.u.)  |  Error (%)
0.025    1.8863451e-01    0.0833
0.075    1.9362547e-01    0.0848
0.125    1.9475735e-01    0.0920
0.175    1.9532091e-01    0.0885
0.225    1.9622487e-01    0.0927
0.275    1.9653866e-01    0.0894
0.325    1.9725293e-01    0.0906
0.375    1.9777980e-01    0.0899
0.425    1.9846557e-01    0.0926
0.475    1.9903741e-01    0.0923
0.525    1.9937526e-01    0.0919
0.575    1.9995563e-01    0.0929
0.625    2.0027218e-01    0.0906
0.675    2.0078366e-01    0.0928
0.725    2.0112207e-01    0.0902
0.775    2.0171066e-01    0.0916
0.825    2.0227773e-01    0.0927
0.875    2.0244926e-01    0.0920
0.925    2.0295035e-01    0.0920
0.975    2.0353696e-01    0.0936
1.025    2.0394517e-01    0.0918
1.075    2.0420340e-01    0.0916
1.125    2.0469949e-01    0.0923
1.175    2.0515661e-01    0.0926
1.225    2.0566976e-01    0.0943
1.275    2.0600409e-01    0.0952
1.325    2.0635914e-01    0.0914
1.375    2.0686756e-01    0.0915
1.425    2.0720330e-01    0.0928
1.475    2.0747970e-01    0.0919
1.525    2.0774642e-01    0.0906
1.575    2.0820008e-01    0.0913
1.625    2.0846164e-01    0.0889
1.675    2.0897654e-01    0.0919
1.725    2.0931420e-01    0.0915
1.775    2.0953240e-01    0.0904
1.825    2.1005344e-01    0.0924
1.875    2.1059423e-01    0.0928
1.925    2.1091576e-01    0.0931
1.975    2.1130920e-01    0.0934
2.025    2.1151407e-01    0.0904
2.075    2.1167371e-01    0.0914
2.125    2.1214547e-01    0.0900
2.175    2.1244480e-01    0.0904
2.225    2.1274974e-01    0.0908
2.275    2.1309165e-01    0.0908
2.325    2.1345706e-01    0.0901
2.375    2.1388206e-01    0.0912
2.425    2.1411584e-01    0.0892
2.475    2.1442099e-01    0.0893
2.525    2.1466389e-01    0.0882
2.575    2.1522745e-01    0.0904
2.625    2.1550078e-01    0.0896
2.675    2.1592527e-01    0.0912
2.725    2.1643311e-01    0.0919
2.775    2.1641984e-01    0.0874
2.825    2.1693187e-01    0.0892
2.875    2.1739085e-01    0.0900
2.925    2.1749883e-01    0.0886
2.975    2.1818663e-01    0.0908
3.025    2.1856750e-01    0.0901
3.075    2.1853825e-01    0.0879
3.125    2.1893152e-01    0.0874
3.175    2.1932731e-01    0.0887
3.225    2.1984349e-01    0.0903
3.275    2.2003004e-01    0.0891
3.325    2.2043202e-01    0.0893
3.375    2.2057326e-01    0.0874
3.425    2.2103802e-01    0.0884
3.475    2.2138732e-01    0.0880
3.525    2.2179734e-01    0.0886
3.575    2.2219835e-01    0.0881
3.625    2.2241951e-01    0.0871
3.675    2.2290025e-01    0.0875
3.725    2.2314961e-01    0.0873
3.775    2.2349345e-01    0.0873
3.825    2.2370750e-01    0.0864
3.875    2.2410394e-01    0.0868
3.925    2.2436806e-01    0.0876
3.975    2.2463519e-01    0.0861
4.025    2.2518764e-01    0.0875
4.075    2.2533563e-01    0.0852
4.125    2.2585085e-01    0.0869
4.175    2.2611757e-01    0.0865
4.225    2.2621350e-01    0.0845
4.275    2.2675057e-01    0.0862
4.325    2.2714607e-01    0.0861
4.375    2.2740870e-01    0.0854
4.425    2.2770405e-01    0.0856
4.475    2.2820539e-01    0.0853
4.525    2.2850605e-01    0.0855
4.575    2.2904339e-01    0.0864
4.625    2.2931131e-01    0.0852
4.675    2.2966144e-01    0.0847
4.725    2.3005343e-01    0.0853
4.775    2.3046531e-01    0.0854
4.825    2.3075740e-01    0.0849
4.875    2.3126632e-01    0.0855
4.925    2.3159269e-01    0.0858
4.975    2.3176317e-01    0.0837
5.025    2.3198027e-01    0.0826
5.075    2.3250468e-01    0.0842
5.125    2.3281047e-01    0.0837
5.175    2.3312769e-01    0.0829
5.225    2.3363243e-01    0.0846
5.275    2.3391097e-01    0.0840
5.325    2.3412412e-01    0.0811
5.375    2.3450953e-01    0.0821
5.425    2.3504190e-01    0.0830
5.475    2.3531685e-01    0.0824
5.525    2.3584183e-01    0.0828
5.575    2.3608289e-01    0.0822
5.625    2.3636072e-01    0.0825
5.675    2.3689484e-01    0.0819
5.725    2.3739680e-01    0.0828
5.775    2.3778517e-01    0.0831
5.825    2.3815409e-01    0.0829
5.875    2.3848258e-01    0.0811
5.925    2.3891604e-01    0.0819
5.975    2.3920539e-01    0.0803
6.025    2.3964048e-01    0.0794
6.075    2.4010773e-01    0.0805
6.125    2.4063711e-01    0.0820
6.175    2.4109283e-01    0.0821
6.225    2.4129438e-01    0.0808
6.275    2.4163620e-01    0.0805
6.325    2.4213599e-01    0.0807
6.375    2.4257068e-01    0.0808
6.425    2.4296924e-01    0.0808
6.475    2.4349231e-01    0.0811
6.525    2.4364575e-01    0.0790
6.575    2.4408852e-01    0.0791
6.625    2.4463575e-01    0.0802
6.675    2.4489808e-01    0.0790
6.725    2.4521619e-01    0.0783
6.775    2.4569945e-01    0.0783
6.825    2.4607599e-01    0.0774
6.875    2.4667642e-01    0.0782
6.925    2.4705622e-01    0.0783
6.975    2.4749080e-01    0.0777
7.025    2.4777797e-01    0.0767
7.075    2.4833867e-01    0.0771
7.125    2.4890490e-01    0.0787
7.175    2.4944171e-01    0.0794
7.225    2.4979808e-01    0.0775
7.275    2.5013991e-01    0.0764
7.325    2.5062841e-01    0.0761
7.375    2.5112408e-01    0.0764
7.425    2.5150335e-01    0.0765
7.475    2.5212528e-01    0.0770
7.525    2.5254434e-01    0.0768
7.575    2.5295890e-01    0.0766
7.625    2.5340713e-01    0.0758
7.675    2.5371701e-01    0.0745
7.725    2.5427907e-01    0.0755
7.775    2.5480924e-01    0.0749
7.825    2.5540909e-01    0.0754
7.875    2.5610945e-01    0.0766
7.925    2.5631986e-01    0.0734
7.975    2.5711070e-01    0.0765
8.025    2.5748984e-01    0.0754
8.075    2.5795942e-01    0.0753
8.125    2.5841107e-01    0.0744
8.175    2.5890581e-01    0.0731
8.225    2.5965330e-01    0.0750
8.275    2.6020759e-01    0.0748
8.325    2.6089625e-01    0.0747
8.375    2.6130146e-01    0.0745
8.425    2.6182741e-01    0.0745
8.475    2.6237545e-01    0.0741
8.525    2.6292113e-01    0.0734
8.575    2.6343070e-01    0.0723
8.625    2.6423925e-01    0.0749
8.675    2.6460499e-01    0.0726
8.725    2.6522060e-01    0.0734
8.775    2.6569150e-01    0.0717
8.825    2.6630787e-01    0.0718
8.875    2.6695685e-01    0.0721
8.925    2.6766793e-01    0.0729
8.975    2.6843457e-01    0.0728
9.025    2.6892260e-01    0.0718
9.075    2.6941731e-01    0.0706
9.125    2.7012913e-01    0.0709
9.175    2.7072310e-01    0.0714
9.225    2.7117308e-01    0.0707
9.275    2.7187141e-01    0.0700
9.325    2.7267591e-01    0.0704
9.375    2.7337678e-01    0.0706
9.425    2.7427657e-01    0.0715
9.475    2.7490665e-01    0.0717
9.525    2.7554176e-01    0.0708
9.575    2.7597465e-01    0.0698
9.625    2.7682081e-01    0.0702
9.675    2.7738467e-01    0.0690
9.725    2.7811061e-01    0.0692
9.775    2.7904338e-01    0.0699
9.825    2.7967649e-01    0.0682
9.875    2.8041106e-01    0.0690
9.925    2.8125799e-01    0.0690
9.975    2.8210049e-01    0.0687
10.025   2.8275263e-01    0.0682
10.075   2.8337998e-01    0.0672
10.125   2.8442955e-01    0.0682
10.175   2.8513050e-01    0.0672
10.225   2.8582922e-01    0.0667
10.275   2.8682715e-01    0.0683
10.325   2.8755820e-01    0.0671
10.375   2.8842009e-01    0.0672
10.425   2.8905158e-01    0.0660
10.475   2.8997161e-01    0.0667
10.525   2.9081764e-01    0.0669
10.575   2.9168774e-01    0.0661
10.625   2.9272156e-01    0.0663
10.675   2.9355044e-01    0.0652
10.725   2.9450139e-01    0.0648
10.775   2.9562801e-01    0.0666
10.825   2.9640600e-01    0.0652
10.875   2.9735935e-01    0.0639
10.925   2.9864702e-01    0.0656
10.975   2.9957096e-01    0.0639
11.025   3.0059572e-01    0.0650
11.075   3.0171711e-01    0.0652
11.125   3.0256164e-01    0.0637
11.175   3.0355339e-01    0.0639
11.225   3.0471396e-01    0.0636
11.275   3.0575268e-01    0.0631
11.325   3.0704715e-01    0.0637
11.375   3.0815405e-01    0.0634
11.425   3.0923202e-01    0.0633
11.475   3.1035911e-01    0.0618
11.525   3.1152533e-01    0.0622
11.575   3.1274310e-01    0.0616
11.625   3.1419018e-01    0.0628
11.675   3.1537188e-01    0.0617
11.725   3.1665289e-01    0.0613
11.775   3.1788728e-01    0.0604
11.825   3.1932192e-01    0.0618
11.875   3.2047898e-01    0.0601
11.925   3.2186289e-01    0.0598
11.975   3.2351703e-01    0.0611
12.025   3.2490790e-01    0.0602
12.075   3.2634656e-01    0.0605
12.125   3.2766949e-01    0.0589
12.175   3.2938714e-01    0.0591
12.225   3.3089813e-01    0.0595
12.275   3.3271809e-01    0.0598
12.325   3.3430885e-01    0.0591
12.375   3.3592209e-01    0.0582
12.425   3.3775392e-01    0.0587
12.475   3.3941785e-01    0.0583
12.525   3.4143716e-01    0.0579
12.575   3.4321184e-01    0.0580
12.625   3.4507257e-01    0.0569
12.675   3.4707148e-01    0.0581
12.725   3.4895085e-01    0.0571
12.775   3.5102925e-01    0.0568
12.825   3.5296300e-01    0.0559
12.875   3.5512695e-01    0.0559
12.925   3.5737096e-01    0.0560
12.975   3.5944231e-01    0.0554
13.025   3.6176326e-01    0.0551
13.075   3.6450580e-01    0.0551
13.125   3.6708860e-01    0.0547
13.175   3.6986093e-01    0.0552
13.225   3.7255919e-01    0.0552
13.275   3.7526710e-01    0.0547
13.325   3.7799269e-01    0.0537
13.375   3.8095629e-01    0.0539
13.425   3.8400648e-01    0.0538
13.475   3.8729376e-01    0.0536
13.525   3.9042631e-01    0.0533
13.575   3.9367248e-01    0.0528
13.625   3.9687974e-01    0.0521
13.675   4.0061546e-01    0.0527
13.725   4.0405063e-01    0.0520
13.775   4.0826009e-01    0.0528
13.825   4.1239346e-01    0.0529
13.875   4.1643934e-01    0.0528
13.925   4.2080717e-01    0.0524
13.975   4.2509598e-01    0.0522
14.025   4.3002755e-01    0.0528
14.075   4.3481420e-01    0.0527
14.125   4.3978419e-01    0.0520
14.175   4.4484925e-01    0.0515
14.225   4.5071877e-01    0.0520
14.275   4.5625502e-01    0.0509
14.325   4.6225232e-01    0.0507
14.375   4.6869222e-01    0.0503
14.425   4.7546095e-01    0.0499
14.475   4.8239947e-01    0.0494
14.525   4.8987790e-01    0.0487
14.575   4.9794431e-01    0.0483
14.625   5.0636452e-01    0.0476
14.675   5.1572628e-01    0.0474
14.725   5.2537619e-01    0.0468
14.775   5.3583112e-01    0.0464
14.825   5.4711844e-01    0.0458
14.875   5.5957310e-01    0.0458
14.925   5.7281748e-01    0.0453
14.975   5.8739946e-01    0.0452
15.025   6.0327112e-01    0.0450
15.075   6.2084016e-01    0.0451
15.125   6.3996646e-01    0.0449
15.175   6.6184062e-01    0.0452
15.225   6.8602997e-01    0.0452
15.275   7.1379296e-01    0.0455
15.325   7.4556431e-01    0.0461
15.375   7.8169153e-01    0.0469
15.425   8.2263977e-01    0.0480
15.475   8.6784957e-01    0.0494
15.525   9.1429930e-01    0.0512
15.575   9.5749936e-01    0.0536
15.625   9.8913164e-01    0.0566
15.675   1.0000000e+00    0.0607
15.725   9.8185052e-01    0.0663
15.775   9.2558247e-01    0.0739
15.825   8.3120567e-01    0.0844
15.875   7.0536972e-01    0.0986
15.925   5.6219174e-01    0.1179
15.975   4.1859957e-01    0.1444
16.025   2.8893908e-01    0.1816
16.075   1.8425189e-01    0.2352
16.125   1.0839468e-01    0.3140
16.175   5.8449208e-02    0.4353
16.225   2.8964977e-02    0.6243
16.275   1.3407371e-02    0.9252
16.325   6.0879704e-03    1.3901
16.375   2.8502755e-03    2.0242
16.425   1.6423813e-03    2.7656
16.475   1.1621513e-03    3.1704
16.525   1.0171570e-03    3.3280
16.575   9.9097386e-04    3.4395
16.625   9.9044446e-04    3.5311
16.675   9.7564920e-04    3.5627
16.725   9.6999591e-04    3.5343
16.775   9.8450866e-04    3.6391
16.825   9.8815536e-04    3.5983
16.875   9.7928988e-04    3.6103
16.925   9.5405246e-04    3.8431
16.975   9.2243089e-04    3.6285
17.025   9.4328050e-04    3.6238
17.075   9.7405925e-04    3.6814
17.125   9.5354654e-04    3.7585
17.175   9.2653445e-04    3.6018
17.225   9.5669484e-04    3.7862
17.275   9.3144184e-04    3.8943
17.325   8.9882773e-04    3.6330
17.375   9.3780943e-04    3.7081
17.425   9.1629217e-04    3.7999
17.475   9.2529010e-04    3.8354
17.525   9.0038989e-04    3.7648
17.575   9.0576054e-04    3.8086
17.625   8.9153160e-04    3.7411
17.675   8.8845891e-04    3.6679
17.725   8.9789677e-04    3.8397
17.775   8.5299034e-04    3.8599
17.825   8.3690683e-04    3.7843
17.875   8.4736972e-04    3.7547
17.925   8.2602490e-04    3.7723
17.975   8.4846669e-04    4.0449
18.025   7.9428155e-04    3.8460
18.075   8.1095823e-04    3.8111
18.125   8.5091161e-04    4.0738
18.175   7.9772912e-04    3.8736
18.225   8.1543682e-04    3.8624
18.275   8.2595545e-04    3.9377
18.325   8.0719262e-04    3.9886
18.375   8.1743311e-04    3.8970
18.425   8.0543630e-04    3.8781
18.475   8.0016298e-04    3.9156
18.525   8.1499231e-04    3.9966
18.575   7.8870020e-04    3.8871
18.625   7.8240274e-04    4.1364
18.675   8.0147524e-04    4.1201
18.725   7.6738299e-04    3.8211
18.775   7.6754940e-04    4.1754
18.825   7.5586058e-04    4.0752
18.875   7.1406500e-04    3.9305
18.925   7.6892227e-04    4.0017
18.975   7.6424130e-04    4.2875
19.025   7.5476522e-04    4.1048
19.075   7.0360219e-04    4.0068
19.125   7.6380431e-04    4.1133
19.175   7.2714436e-04    4.1973
19.225   6.9555326e-04    4.1965
19.275   6.7092440e-04    4.1323
19.325   7.2838627e-04    4.3065
19.375   6.9940648e-04    4.2299
19.425   7.2025895e-04    4.2450
19.475   6.9865170e-04    4.4097
19.525   7.1038901e-04    4.2560
19.575   7.2520350e-04    4.1269
19.625   7.0511643e-04    4.1800
19.675   7.1723666e-04    4.3156
19.725   6.9648398e-04    4.3902
19.775   6.6449475e-04    4.2544
19.825   6.8653169e-04    4.2954
19.875   6.7390207e-04    4.7246
19.925   6.8468559e-04    4.4224
19.975   6.5755603e-04    4.3666
20.025   6.6944116e-04    4.4356
20.075   6.6420982e-04    4.3626
20.125   6.6843873e-04    4.3207
20.175   6.8044204e-04    4.2334
20.225   6.6115287e-04    4.2225
20.275   6.6366525e-04    4.4880
20.325   6.7640489e-04    4.2746
20.375   6.7060666e-04    4.4265
20.425   6.2685329e-04    4.2488
20.475   6.6003346e-04    4.3557
20.525   6.7329703e-04    4.5540
20.575   6.5047733e-04    4.4400
20.625   6.4616545e-04    4.5468
20.675   6.4309949e-04    4.3876
20.725   6.2827593e-04    4.4570
20.775   6.3429710e-04    4.6975
20.825   5.9853217e-04    4.4806
20.875   6.3071588e-04    4.5683
20.925   6.4518956e-04    4.5655
20.975   6.3559877e-04    4.3989
21.025   6.0684045e-04    4.5955
21.075   5.8505573e-04    4.7407
21.125   5.7257747e-04    4.4127
21.175   5.7629812e-04    4.5915
21.225   6.0422388e-04    4.7021
21.275   5.5804807e-04    4.6697
21.325   5.5771935e-04    4.9532
21.375   5.7644717e-04    4.6051
21.425   5.7619548e-04    4.7940
21.475   5.5983270e-04    5.2223
21.525   5.7485442e-04    5.0065
21.575   5.4085442e-04    4.9835
21.625   5.0473762e-04    4.8390
21.675   5.3160423e-04    5.1020
21.725   5.5805056e-04    4.6285
21.775   5.5754772e-04    4.7411
21.825   5.6361821e-04    4.7570
21.875   5.3517860e-04    4.7629
21.925   5.6329892e-04    5.0838
21.975   5.5994190e-04    4.4914
22.025   5.5802136e-04    5.0206
22.075   5.3783846e-04    4.9344
22.125   5.3592305e-04    5.0823
22.175   5.4218894e-04    4.7443
22.225   5.6182424e-04    4.9635
22.275   5.2277323e-04    4.6005
22.325   5.2892827e-04    4.6733
22.375   5.4317867e-04    5.1697
22.425   5.2456562e-04    4.9841
22.475   4.9423961e-04    4.8590
22.525   4.8569860e-04    4.7926
22.575   5.1769494e-04    4.8401
22.625   5.1064278e-04    4.9046
22.675   5.4402632e-04    4.9071
22.725   5.3727167e-04    4.9941
22.775   5.2125560e-04    5.0298
22.825   4.7752155e-04    4.6723
22.875   5.1810372e-04    4.8689
22.925   5.0036311e-04    4.9076
22.975   5.0511507e-04    5.2471
23.025   4.9841312e-04    4.9296
23.075   4.9605887e-04    4.8633
23.125   5.3224209e-04    5.1191
23.175   5.1929111e-04    5.0193
23.225   5.1105954e-04    4.8830
23.275   5.2716494e-04    4.9344
23.325   5.0253473e-04    5.2317
23.375   4.6338833e-04    5.1216
23.425   4.7956777e-04    5.0108
23.475   5.0232323e-04    4.9715
23.525   4.9038216e-04    4.9553
23.575   5.1217822e-04    5.0825
23.625   4.8816398e-04    5.0868
23.675   5.0986512e-04    5.3693
23.725   4.7560677e-04    5.0729
23.775   4.6504576e-04    5.1993
23.825   4.6367547e-04    4.9738
23.875   4.6690076e-04    5.0911
23.925   4.7417493e-04    5.3264
23.975   4.7124446e-04    5.3390
24.025   4.7935610e-04    5.5359
24.075   4.8337872e-04    5.6082
24.125   4.5657997e-04    5.2772
24.175   4.7370480e-04    5.6421
24.225   4.5095311e-04    5.5410
24.275   4.6022107e-04    5.4136
24.325   4.3140613e-04    5.0680
24.375   4.3138022e-04    5.2964
24.425   4.3805527e-04    5.5549
24.475   4.4584155e-04    5.5871
24.525   4.2904203e-04    5.5684
24.575   4.4801535e-04    5.6585
24.625   4.2496099e-04    5.2854
24.675   4.0535170e-04    5.3139
24.725   4.2028887e-04    5.7414
24.775   4.2225776e-04    5.6205
24.825   4.2184040e-04    5.9701
24.875   3.6996739e-04    5.2414
24.925   3.8142244e-04    5.3438
24.975   4.2730247e-04    5.5716
25.025   4.0235156e-04    5.7932
25.075   3.9046727e-04    5.5179
25.125   3.9659303e-04    5.8443
25.175   3.6341509e-04    5.7520
25.225   3.9126844e-04    5.6056
25.275   3.8574070e-04    5.9577
25.325   3.6402162e-04    5.7664
25.375   4.1621264e-04    6.4877
25.425   3.7265427e-04    6.0722
25.475   3.6547834e-04    6.0793
25.525   3.6150929e-04    5.7858
25.575   3.6935873e-04    5.5344
25.625   3.8266800e-04    6.3062
25.675   3.7741848e-04    5.6309
25.725   3.7539459e-04    6.0439
25.775   3.4784784e-04    5.8336
25.825   3.6265338e-04    5.7108
25.875   3.8251113e-04    5.8701
25.925   3.7072183e-04    6.1711
25.975   3.5303130e-04    5.5797
26.025   3.9050401e-04    6.5482
26.075   3.5736669e-04    5.5642
26.125   3.5964404e-04    5.6335
26.175   3.6934051e-04    5.6533
26.225   3.8157732e-04    5.9977
26.275   3.7843583e-04    5.9435
26.325   3.4606639e-04    5.8807
26.375   3.4306342e-04    5.8910
26.425   3.4736034e-04    5.8886
26.475   3.6075488e-04    6.1019
26.525   3.4511420e-04    5.8908
26.575   3.5208933e-04    5.9228
26.625   3.6794609e-04    6.2926
26.675   3.7273837e-04    6.4665
26.725   3.5029134e-04    6.5036
26.775   3.4711021e-04    6.3117
26.825   3.2430399e-04    6.2971
26.875   3.3256145e-04    6.3085
26.925   3.2526407e-04    6.0641
26.975   3.2991488e-04    6.2540
27.025   3.2308070e-04    6.7580
27.075   3.1094849e-04    5.9835
27.125   3.1338640e-04    6.3931
27.175   3.1122840e-04    6.4682
27.225   3.3069772e-04    6.7493
27.275   3.3124341e-04    6.7500
27.325   3.3678407e-04    6.3890
27.375   3.3499910e-04    6.1151
27.425   3.3022371e-04    6.1670
27.475   3.1881581e-04    6.6136
27.525   3.4639190e-04    6.1523
27.575   3.1914718e-04    6.4002
27.625   3.1042821e-04    6.7472
27.675   3.1818893e-04    6.4506
27.725   3.0624299e-04    6.7291
27.775   3.0519810e-04    6.6557
27.825   2.9862854e-04    6.1575
27.875   3.0703092e-04    6.7485
27.925   2.9393656e-04    6.4223
27.975   3.0455646e-04    6.5717
28.025   2.8771676e-04    6.2396
28.075   3.0057592e-04    6.5342
28.125   3.0750554e-04    6.5342
28.175   2.9441266e-04    7.0357
28.225   2.9249847e-04    7.0893
28.275   2.9299181e-04    6.9849
28.325   3.1906153e-04    7.1398
28.375   3.1737033e-04    6.7041
28.425   2.7265849e-04    6.2646
28.475   2.8900981e-04    6.5120
28.525   2.7663405e-04    6.4227
28.575   2.9857912e-04    6.4383
28.625   2.8958852e-04    6.5072
28.675   2.7304375e-04    6.4597
28.725   2.7881607e-04    6.8617
28.775   3.1871054e-04    7.8508
28.825   2.7924964e-04    6.7486
28.875   2.8075276e-04    6.5697
28.925   2.9428171e-04    7.0203
28.975   2.8353772e-04    6.3023
29.025   2.6211632e-04    6.5609
29.075   2.5199825e-04    6.3841
29.125   2.6626264e-04    6.6647
29.175   2.6941308e-04    6.1732
29.225   2.6147275e-04    6.6995
29.275   2.8478492e-04    6.8493
29.325   2.7132338e-04    6.9648
29.375   2.7294408e-04    6.7638
29.425   2.7122604e-04    6.8509
29.475   2.8108413e-04    7.0477
29.525   2.6470148e-04    6.9144
29.575   2.7675510e-04    7.3065
29.625   2.6842356e-04    6.8076
29.675   2.4915561e-04    6.8707
29.725   2.5688186e-04    6.4231
29.775   2.6002307e-04    7.6954
29.825   2.6443293e-04    7.5466
29.875   2.4357657e-04    7.4687
29.925   2.6434382e-04    7.0627
29.975   2.5336320e-04    7.4110
30.025   2.3770310e-04    7.3820
30.075   2.4335510e-04    7.0023
30.125   2.5388648e-04    7.1724
30.175   2.5547942e-04    7.8011
30.225   2.2548498e-04    7.2502
30.275   2.2832738e-04    7.0606
30.325   2.3500600e-04    6.8369
30.375   2.4488527e-04    7.2085
30.425   2.3480015e-04    7.0640
30.475   2.5667599e-04    7.8585
30.525   2.4755995e-04    6.9090
30.575   2.4291509e-04    7.1181
30.625   2.4524069e-04    7.8181
30.675   2.3743552e-04    8.2889
30.725   2.4610734e-04    7.3793
30.775   2.5207416e-04    7.3669
30.825   2.4769496e-04    7.1646
30.875   2.4300702e-04    7.3428
30.925   2.3996433e-04    7.2644
30.975   2.5702921e-04    7.6764
31.025   2.4465202e-04    8.1875
31.075   2.3855643e-04    7.5338
31.125   2.3811705e-04    7.0659
31.175   2.4621772e-04    7.4261
31.225   2.1315436e-04    7.1014
31.275   2.1978345e-04    7.5798
31.325   2.2636363e-04    7.5618
31.375   2.4040178e-04    7.7116
31.425   2.4936997e-04    7.8298
31.475   2.3569246e-04    7.1441
31.525   2.5880488e-04    7.8124
31.575   2.2267637e-04    7.7055
31.625   2.2949069e-04    7.4968
31.675   2.2077940e-04    6.9666
31.725   2.3334001e-04    7.2767
31.775   2.4141580e-04    7.5356
31.825   2.1712485e-04    7.4869
31.875   2.0549737e-04    7.6372
31.925   2.2038231e-04    7.3736
31.975   2.1429579e-04    7.5127
32.025   2.0977069e-04    7.9268
32.075   2.0252080e-04    7.6960
32.125   2.3036156e-04    8.6659
32.175   2.0856127e-04    7.3095
32.225   2.0461609e-04    8.1724
32.275   2.1427081e-04    8.4514
32.325   2.1913635e-04    7.7163
32.375   2.1037453e-04    7.8513
32.425   2.0459964e-04    8.2220
32.475   2.2068901e-04    7.6521
32.525   2.1260883e-04    8.0346
32.575   2.4098863e-04    8.3111
32.625   2.0125044e-04    7.0321
32.675   2.0056575e-04    8.0607
32.725   2.0304412e-04    8.7880
32.775   2.0701787e-04    7.7698
32.825   2.0707147e-04    7.7333
32.875   1.8549193e-04    7.9309
32.925   1.9063268e-04    8.5526
32.975   1.9895153e-04    8.2950
33.025   2.0560809e-04    8.8274
33.075   1.9633713e-04    8.4690
33.125   1.8762239e-04    8.6807
33.175   2.0817802e-04    8.4976
33.225   2.0569782e-04    7.6088
33.275   1.9635812e-04    8.0434
33.325   1.9298420e-04    7.7384
33.375   1.8775795e-04    8.0595
33.425   1.9229877e-04    8.6112
33.475   1.9662885e-04    8.3650
33.525   1.9028056e-04    7.9195
33.575   1.8447137e-04    7.7849
33.625   2.1192908e-04    8.9537
33.675   1.9009576e-04    8.4156
33.725   2.0189148e-04    9.0292
33.775   1.8340022e-04    8.0240
33.825   1.7850915e-04    9.6169
33.875   1.7653197e-04    8.1062
33.925   1.9357843e-04    8.1889
33.975   1.8251797e-04    7.4951
34.025   1.8723164e-04    9.2416
34.075   1.8071282e-04    7.8223
34.125   1.8617377e-04    8.4641
34.175   1.7737179e-04    8.1147
34.225   1.7684711e-04    9.2272
34.275   1.6840860e-04    8.8055
34.325   1.7154478e-04    10.4545
34.375   1.8262941e-04    9.0888
34.425   1.8125275e-04    9.1084
34.475   1.7457855e-04    8.5209
34.525   1.6420222e-04    9.8652
34.575   1.5829313e-04    8.6158
34.625   1.5791344e-04    8.6611
34.675   1.4554062e-04    8.1370
34.725   1.7244249e-04    9.1232
34.775   1.5732177e-04    8.1122
34.825   1.5040241e-04    8.0539
34.875   1.6244328e-04    8.5214
34.925   1.6665804e-04    8.9476
34.975   1.6520947e-04    8.3267
35.025   1.6628714e-04    8.7243
35.075   1.6152616e-04    8.8634
35.125   1.6802895e-04    8.9600
35.175   1.5531446e-04    8.6167
35.225   1.6922677e-04    10.1973
35.275   1.5676309e-04    8.6321
35.325   1.6124506e-04    8.9949
35.375   1.6560970e-04    9.6310
35.425   1.5327689e-04    8.3768
35.475   1.5972186e-04    8.4247
35.525   1.6911171e-04    8.8124
35.575   1.6832224e-04    10.0446
35.625   1.5444850e-04    10.2514
35.675   1.6686853e-04    8.7735
35.725   1.6229590e-04    9.9661
35.775   1.4547669e-04    9.2334
35.825   1.5222371e-04    9.1399
35.875   1.5481846e-04    9.4409
35.925   1.5270539e-04    8.5434
35.975   1.5301286e-04    9.2688
36.025   1.5167013e-04    8.1873
36.075   1.4782596e-04    8.9215
36.125   1.3192275e-04    8.4294
36.175   1.4562556e-04    9.6322
36.225   1.5833864e-04    10.1995
36.275   1.3448178e-04    8.6553
36.325   1.4856293e-04    9.9541
36.375   1.4681734e-04    9.5182
36.425   1.5883545e-04    10.2764
36.475   1.5153163e-04    9.9949
36.525   1.5168812e-04    11.4069
36.575   1.4292226e-04    9.3292
36.625   1.4754509e-04    8.9080
36.675   1.4716505e-04    8.8973
36.725   1.4535568e-04    9.6134
36.775   1.5813826e-04    10.0626
36.825   1.4663930e-04    9.2284
36.875   1.4209590e-04    9.5190
36.925   1.4659485e-04    10.2244
36.975   1.3834279e-04    10.4805
37.025   1.4070484e-04    10.2837
37.075   1.3836295e-04    9.8379
37.125   1.3474821e-04    10.1972
37.175   1.3958515e-04    8.6035
37.225   1.4307432e-04    9.7412
37.275   1.4177321e-04    9.7650
37.325   1.3388325e-04    9.6625
37.375   1.3023935e-04    9.1025
37.425   1.2971025e-04    9.6452
37.475   1.3022678e-04    8.6364
37.525   1.3984748e-04    10.0094
37.575   1.3307558e-04    8.5887
37.625   1.3811736e-04    9.6717
37.675   1.4689675e-04    11.3309
37.725   1.3765504e-04    11.6421
37.775   1.2467153e-04    9.4802
37.825   1.3881800e-04    9.9049
37.875   1.4170150e-04    9.4027
37.925   1.3182127e-04    10.3294
37.975   1.2114046e-04    9.2660
38.025   1.3126672e-04    9.3369
38.075   1.4227370e-04    10.8023
38.125   1.2963691e-04    10.8064
38.175   1.2271464e-04    9.0162
38.225   1.4549671e-04    11.3492
38.275   1.3172886e-04    10.1216
38.325   1.4428434e-04    11.8282
38.375   1.2903191e-04    10.1774
38.425   1.1787355e-04    10.1992
38.475   1.2502311e-04    9.9581
38.525   1.1018518e-04    10.1995
38.575   1.2525172e-04    10.5748
38.625   1.2691167e-04    10.0570
38.675   1.3458791e-04    10.8077
38.725   1.2519597e-04    9.5484
38.775   1.2895609e-04    10.7392
38.825   1.4001691e-04    9.7323
38.875   1.3555015e-04    11.2316
38.925   1.2614800e-04    9.9457
38.975   1.3128698e-04    10.3009
39.025   1.2030656e-04    11.0664
39.075   1.1646019e-04    10.4598
39.125   1.1180337e-04    10.5834
39.175   1.0504900e-04    10.2919
39.225   1.0317379e-04    10.5721
39.275   1.1057294e-04    11.5289
39.325   1.1905922e-04    10.4135
39.375   1.1046084e-04    9.1373
39.425   1.2715284e-04    10.6647
39.475   1.1321458e-04    9.9576
39.525   1.0918603e-04    9.4789
39.575   1.1969499e-04    10.6206
39.625   1.0977745e-04    13.2307
39.675   1.0340055e-04    10.1608
39.725   1.1461026e-04    11.6341
39.775   1.1640411e-04    10.9698
39.825   1.1908109e-04    10.7746
39.875   1.1890801e-04    11.3323
39.925   1.1917417e-04    12.2368
39.975   1.1388267e-04    12.2960
