SOBP group - Emax: 150 MeV - Width (X): 30%
Energy of the incident proton beam: 131.19 MeV
Depth (cm)  |  EnergyDeposit (a.u.)  |  Error (%)
0.025    1.8314501e-01    0.0850
0.075    1.8739834e-01    0.0865
0.125    1.8832083e-01    0.0900
0.175    1.8899519e-01    0.0899
0.225    1.8966601e-01    0.0886
0.275    1.9032920e-01    0.0918
0.325    1.9103359e-01    0.0928
0.375    1.9178969e-01    0.0951
0.425    1.9214984e-01    0.0921
0.475    1.9263419e-01    0.0912
0.525    1.9314239e-01    0.0917
0.575    1.9383828e-01    0.0961
0.625    1.9411010e-01    0.0928
0.675    1.9469720e-01    0.0933
0.725    1.9508317e-01    0.0921
0.775    1.9565005e-01    0.0945
0.825    1.9601725e-01    0.0918
0.875    1.9640455e-01    0.0914
0.925    1.9709986e-01    0.0934
0.975    1.9750285e-01    0.0932
1.025    1.9797185e-01    0.0917
1.075    1.9834375e-01    0.0906
1.125    1.9892908e-01    0.0938
1.175    1.9936333e-01    0.0930
1.225    1.9994057e-01    0.0944
1.275    2.0027593e-01    0.0936
1.325    2.0083854e-01    0.0937
1.375    2.0116278e-01    0.0928
1.425    2.0155606e-01    0.0924
1.475    2.0201996e-01    0.0924
1.525    2.0224635e-01    0.0908
1.575    2.0285837e-01    0.0931
1.625    2.0302670e-01    0.0909
1.675    2.0352347e-01    0.0918
1.725    2.0378067e-01    0.0900
1.775    2.0441827e-01    0.0924
1.825    2.0485399e-01    0.0920
1.875    2.0539142e-01    0.0935
1.925    2.0557156e-01    0.0903
1.975    2.0622665e-01    0.0910
2.025    2.0660510e-01    0.0910
2.075    2.0707165e-01    0.0922
2.125    2.0753510e-01    0.0920
2.175    2.0777359e-01    0.0890
2.225    2.0831738e-01    0.0901
2.275    2.0889190e-01    0.0923
2.325    2.0923456e-01    0.0914
2.375    2.0940060e-01    0.0889
2.425    2.0991357e-01    0.0899
2.475    2.1028398e-01    0.0886
2.525    2.1081698e-01    0.0906
2.575    2.1120010e-01    0.0892
2.625    2.1149226e-01    0.0894
2.675    2.1195950e-01    0.0899
2.725    2.1220956e-01    0.0886
2.775    2.1282851e-01    0.0889
2.825    2.1334645e-01    0.0895
2.875    2.1376781e-01    0.0893
2.925    2.1430413e-01    0.0910
2.975    2.1465801e-01    0.0884
3.025    2.1498331e-01    0.0885
3.075    2.1533877e-01    0.0867
3.125    2.1608748e-01    0.0897
3.175    2.1653959e-01    0.0891
3.225    2.1693260e-01    0.0891
3.275    2.1725577e-01    0.0879
3.325    2.1768480e-01    0.0871
3.375    2.1793559e-01    0.0857
3.425    2.1830695e-01    0.0844
3.475    2.1893688e-01    0.0858
3.525    2.1943983e-01    0.0865
3.575    2.1997192e-01    0.0880
3.625    2.2030199e-01    0.0868
3.675    2.2084501e-01    0.0858
3.725    2.2131344e-01    0.0862
3.775    2.2166732e-01    0.0868
3.825    2.2209491e-01    0.0848
3.875    2.2246741e-01    0.0834
3.925    2.2307126e-01    0.0847
3.975    2.2370651e-01    0.0861
4.025    2.2395528e-01    0.0847
4.075    2.2443566e-01    0.0837
4.125    2.2476410e-01    0.0822
4.175    2.2536977e-01    0.0833
4.225    2.2575179e-01    0.0823
4.275    2.2641806e-01    0.0834
4.325    2.2676131e-01    0.0819
4.375    2.2729130e-01    0.0825
4.425    2.2787132e-01    0.0830
4.475    2.2835176e-01    0.0836
4.525    2.2899958e-01    0.0839
4.575    2.2935200e-01    0.0829
4.625    2.2987206e-01    0.0824
4.675    2.3050324e-01    0.0833
4.725    2.3078270e-01    0.0811
4.775    2.3137595e-01    0.0821
4.825    2.3179658e-01    0.0798
4.875    2.3250557e-01    0.0831
4.925    2.3285321e-01    0.0818
4.975    2.3340915e-01    0.0810
5.025    2.3389365e-01    0.0794
5.075    2.3444641e-01    0.0795
5.125    2.3506418e-01    0.0800
5.175    2.3562619e-01    0.0801
5.225    2.3626256e-01    0.0812
5.275    2.3672137e-01    0.0797
5.325    2.3726590e-01    0.0798
5.375    2.3786371e-01    0.0782
5.425    2.3845879e-01    0.0787
5.475    2.3913309e-01    0.0814
5.525    2.3952872e-01    0.0785
5.575    2.4028999e-01    0.0783
5.625    2.4104776e-01    0.0796
5.675    2.4157246e-01    0.0798
5.725    2.4211116e-01    0.0792
5.775    2.4263561e-01    0.0781
5.825    2.4326641e-01    0.0779
5.875    2.4403568e-01    0.0781
5.925    2.4469986e-01    0.0794
5.975    2.4520796e-01    0.0775
6.025    2.4601427e-01    0.0784
6.075    2.4674602e-01    0.0791
6.125    2.4723649e-01    0.0774
6.175    2.4767369e-01    0.0759
6.225    2.4840665e-01    0.0772
6.275    2.4913506e-01    0.0774
6.325    2.4977358e-01    0.0769
6.375    2.5026381e-01    0.0753
6.425    2.5095932e-01    0.0751
6.475    2.5195891e-01    0.0761
6.525    2.5244725e-01    0.0748
6.575    2.5316796e-01    0.0749
6.625    2.5386077e-01    0.0745
6.675    2.5461272e-01    0.0742
6.725    2.5554323e-01    0.0753
6.775    2.5611104e-01    0.0729
6.825    2.5715318e-01    0.0746
6.875    2.5760479e-01    0.0728
6.925    2.5853199e-01    0.0733
6.975    2.5927676e-01    0.0727
7.025    2.6009548e-01    0.0734
7.075    2.6084528e-01    0.0723
7.125    2.6164838e-01    0.0717
7.175    2.6256511e-01    0.0723
7.225    2.6316480e-01    0.0705
7.275    2.6429384e-01    0.0724
7.325    2.6513574e-01    0.0710
7.375    2.6601413e-01    0.0726
7.425    2.6672824e-01    0.0699
7.475    2.6751111e-01    0.0694
7.525    2.6863107e-01    0.0706
7.575    2.6960103e-01    0.0709
7.625    2.7055881e-01    0.0711
7.675    2.7137885e-01    0.0696
7.725    2.7237624e-01    0.0695
7.775    2.7341355e-01    0.0698
7.825    2.7451009e-01    0.0695
7.875    2.7542975e-01    0.0694
7.925    2.7630409e-01    0.0677
7.975    2.7736645e-01    0.0682
8.025    2.7840552e-01    0.0681
8.075    2.7971541e-01    0.0689
8.125    2.8056805e-01    0.0682
8.175    2.8153540e-01    0.0674
8.225    2.8282701e-01    0.0674
8.275    2.8395463e-01    0.0670
8.325    2.8519300e-01    0.0671
8.375    2.8629078e-01    0.0668
8.425    2.8749471e-01    0.0665
8.475    2.8868181e-01    0.0659
8.525    2.9006151e-01    0.0665
8.575    2.9128700e-01    0.0646
8.625    2.9265802e-01    0.0655
8.675    2.9404889e-01    0.0656
8.725    2.9539531e-01    0.0654
8.775    2.9662726e-01    0.0645
8.825    2.9815304e-01    0.0649
8.875    2.9947221e-01    0.0640
8.925    3.0090842e-01    0.0635
8.975    3.0247646e-01    0.0630
9.025    3.0402647e-01    0.0636
9.075    3.0583435e-01    0.0637
9.125    3.0728030e-01    0.0624
9.175    3.0896916e-01    0.0630
9.225    3.1073981e-01    0.0632
9.275    3.1234313e-01    0.0623
9.325    3.1424113e-01    0.0627
9.375    3.1600024e-01    0.0620
9.425    3.1780435e-01    0.0611
9.475    3.1978081e-01    0.0614
9.525    3.2170751e-01    0.0622
9.575    3.2372614e-01    0.0608
9.625    3.2560605e-01    0.0601
9.675    3.2784626e-01    0.0606
9.725    3.3000386e-01    0.0601
9.775    3.3203128e-01    0.0589
9.825    3.3436148e-01    0.0584
9.875    3.3689426e-01    0.0585
9.925    3.3951409e-01    0.0587
9.975    3.4232863e-01    0.0595
10.025   3.4477393e-01    0.0578
10.075   3.4771479e-01    0.0582
10.125   3.5033550e-01    0.0573
10.175   3.5344541e-01    0.0580
10.225   3.5624014e-01    0.0572
10.275   3.5931759e-01    0.0568
10.325   3.6252385e-01    0.0566
10.375   3.6568875e-01    0.0559
10.425   3.6920979e-01    0.0561
10.475   3.7275230e-01    0.0562
10.525   3.7636184e-01    0.0557
10.575   3.8013589e-01    0.0556
10.625   3.8425161e-01    0.0564
10.675   3.8858025e-01    0.0567
10.725   3.9296834e-01    0.0568
10.775   3.9753517e-01    0.0572
10.825   4.0199694e-01    0.0567
10.875   4.0695689e-01    0.0565
10.925   4.1191425e-01    0.0562
10.975   4.1726982e-01    0.0555
11.025   4.2264747e-01    0.0546
11.075   4.2845327e-01    0.0541
11.125   4.3450464e-01    0.0533
11.175   4.4083275e-01    0.0524
11.225   4.4780910e-01    0.0521
11.275   4.5490739e-01    0.0508
11.325   4.6285111e-01    0.0507
11.375   4.7105940e-01    0.0498
11.425   4.8014820e-01    0.0495
11.475   4.8985747e-01    0.0491
11.525   5.0008593e-01    0.0483
11.575   5.1143009e-01    0.0481
11.625   5.2357374e-01    0.0474
11.675   5.3695241e-01    0.0473
11.725   5.5139233e-01    0.0469
11.775   5.6763292e-01    0.0472
11.825   5.8521970e-01    0.0469
11.875   6.0517374e-01    0.0471
11.925   6.2750384e-01    0.0471
11.975   6.5264887e-01    0.0471
12.025   6.8168455e-01    0.0475
12.075   7.1524340e-01    0.0477
12.125   7.5496671e-01    0.0484
12.175   8.0205540e-01    0.0496
12.225   8.5631816e-01    0.0514
12.275   9.1417173e-01    0.0537
12.325   9.6724182e-01    0.0570
12.375   1.0000000e+00    0.0615
12.425   9.9342614e-01    0.0682
12.475   9.3158598e-01    0.0781
12.525   8.0972387e-01    0.0928
12.575   6.4275930e-01    0.1143
12.625   4.6006475e-01    0.1459
12.675   2.9367161e-01    0.1936
12.725   1.6610189e-01    0.2680
12.775   8.2565773e-02    0.3897
12.825   3.5795824e-02    0.6002
12.875   1.3856235e-02    0.9725
12.925   4.8743454e-03    1.6424
12.975   1.9249708e-03    2.6565
13.025   1.0576357e-03    3.6101
13.075   8.1594342e-04    3.8577
13.125   7.9364018e-04    4.2332
13.175   7.7035141e-04    4.0108
13.225   7.8714133e-04    4.1989
13.275   7.7782893e-04    4.4612
13.325   7.5928440e-04    4.2394
13.375   7.7769669e-04    4.3409
13.425   7.9012419e-04    4.3657
13.475   7.7396018e-04    4.7140
13.525   7.5733496e-04    4.3056
13.575   7.4479230e-04    4.4434
13.625   7.5311093e-04    4.4096
13.675   7.2564619e-04    4.2295
13.725   7.5871228e-04    4.4326
13.775   7.2441287e-04    4.3187
13.825   7.4060944e-04    4.3643
13.875   7.3109276e-04    4.2866
13.925   6.8291911e-04    4.3927
13.975   7.1495069e-04    4.5366
14.025   6.9560553e-04    4.4120
14.075   6.8246928e-04    4.3627
14.125   7.2045995e-04    4.5237
14.175   6.8845965e-04    4.5053
14.225   6.9733473e-04    4.4976
14.275   6.9810894e-04    4.6135
14.325   6.5687046e-04    4.4676
14.375   6.4763206e-04    4.5891
14.425   6.5710377e-04    4.4449
14.475   6.4948038e-04    4.2957
14.525   6.5490951e-04    4.6458
14.575   6.4390081e-04    4.6530
14.625   6.5092562e-04    4.7244
14.675   6.2463620e-04    4.5514
14.725   6.4944513e-04    4.7814
14.775   6.2025478e-04    4.8093
14.825   6.1793916e-04    4.8167
14.875   6.0179157e-04    4.9787
14.925   5.9116398e-04    4.5500
14.975   6.1046677e-04    4.8711
15.025   6.1278574e-04    4.8464
15.075   5.8283666e-04    4.7613
15.125   5.9404913e-04    4.7439
15.175   5.9660884e-04    5.0014
15.225   5.9206438e-04    4.6286
15.275   6.0311813e-04    4.8038
15.325   5.9786608e-04    4.9648
15.375   6.1040034e-04    4.7816
15.425   6.0163458e-04    4.6265
15.475   6.2512798e-04    4.9535
15.525   5.5211136e-04    4.7214
15.575   5.7175067e-04    5.0735
15.625   5.8322150e-04    5.3336
15.675   5.5428913e-04    4.9408
15.725   5.6361885e-04    4.9128
15.775   5.7512442e-04    4.9623
15.825   5.4281117e-04    4.9290
15.875   5.6832888e-04    5.3364
15.925   5.4978766e-04    4.8290
15.975   5.6103100e-04    4.9949
16.025   5.6152199e-04    5.2562
16.075   5.8790778e-04    5.0369
16.125   5.6501839e-04    5.1093
16.175   5.4421240e-04    5.0829
16.225   5.6844956e-04    5.2451
16.275   5.4847297e-04    5.4497
16.325   5.3394605e-04    5.0737
16.375   5.3165020e-04    5.1375
16.425   5.3278421e-04    5.0540
16.475   5.7787591e-04    5.4247
16.525   5.3428711e-04    5.2228
16.575   4.9489750e-04    5.3005
16.625   5.0997266e-04    5.3286
16.675   5.1415956e-04    5.2466
16.725   5.2460679e-04    5.3178
16.775   5.1487365e-04    5.3821
16.825   4.7827152e-04    5.3166
16.875   4.7738427e-04    5.3935
16.925   5.2335141e-04    5.6057
16.975   4.8146406e-04    5.3439
17.025   4.6975603e-04    5.1606
17.075   4.9607505e-04    5.2575
17.125   4.5969091e-04    5.4159
17.175   4.5900192e-04    5.5177
17.225   4.8014251e-04    5.6258
17.275   4.8321467e-04    5.8953
17.325   4.6779387e-04    5.6914
17.375   4.6102293e-04    5.8961
17.425   4.5921712e-04    5.5789
17.475   4.5436285e-04    5.6191
17.525   4.6699939e-04    5.5987
17.575   4.5171921e-04    5.3273
17.625   4.6536790e-04    5.7582
17.675   4.5533264e-04    5.5198
17.725   4.5728668e-04    5.5173
17.775   4.4764857e-04    5.6788
17.825   4.6338834e-04    5.7287
17.875   4.7276262e-04    5.8293
17.925   4.2952588e-04    5.6767
17.975   4.0461539e-04    5.5021
18.025   4.3584970e-04    5.8494
18.075   4.1486490e-04    5.8361
18.125   4.2519905e-04    5.7396
18.175   4.2389983e-04    5.8206
18.225   4.2541780e-04    6.0235
18.275   4.2908996e-04    6.0962
18.325   4.1627653e-04    5.6592
18.375   4.2021193e-04    6.1825
18.425   4.1324050e-04    5.9762
18.475   3.9976914e-04    5.7597
18.525   4.0466596e-04    5.7952
18.575   4.0374529e-04    6.1642
18.625   3.9074709e-04    6.4014
18.675   3.9385160e-04    5.8928
18.725   3.8926609e-04    5.9189
18.775   3.9927241e-04    5.7283
18.825   3.9714038e-04    5.9754
18.875   3.7791810e-04    5.6931
18.925   4.1505715e-04    6.2885
18.975   4.0728471e-04    6.4074
19.025   3.9689680e-04    6.0188
19.075   3.7573585e-04    6.4384
19.125   3.8575750e-04    6.3459
19.175   3.8554238e-04    6.2388
19.225   3.7770969e-04    6.3650
19.275   3.8322480e-04    6.5916
19.325   3.5173704e-04    5.6982
19.375   3.4606072e-04    6.5218
19.425   3.7843021e-04    6.0932
19.475   3.6736720e-04    6.3597
19.525   3.9363763e-04    6.4631
19.575   3.5793558e-04    6.2478
19.625   3.6129389e-04    6.2017
19.675   3.7150878e-04    6.4732
19.725   3.4695018e-04    6.2212
19.775   3.6755787e-04    6.1994
19.825   3.7360036e-04    6.1478
19.875   3.5368896e-04    6.1977
19.925   3.7009967e-04    6.8730
19.975   3.6288430e-04    6.4244
20.025   3.4292873e-04    6.3612
20.075   3.6261164e-04    7.0262
20.125   3.5443836e-04    6.0727
20.175   3.6752013e-04    6.9368
20.225   3.6822249e-04    6.5183
20.275   3.4562442e-04    6.3874
20.325   3.4534523e-04    6.4924
20.375   3.3362146e-04    6.6197
20.425   3.4001371e-04    6.5447
20.475   3.2718843e-04    6.6375
20.525   3.4039857e-04    6.6696
20.575   3.2917276e-04    6.3639
20.625   3.2657845e-04    6.8441
20.675   3.2522331e-04    6.6103
20.725   3.1370566e-04    6.4297
20.775   3.2615039e-04    6.9046
20.825   3.2932140e-04    7.0205
20.875   3.0984115e-04    6.5687
20.925   3.1692627e-04    6.5566
20.975   3.1458667e-04    6.9313
21.025   3.3209815e-04    7.3530
21.075   3.0702534e-04    7.0365
21.125   3.1033047e-04    6.5266
21.175   3.0875396e-04    7.2196
21.225   3.1593024e-04    6.6828
21.275   3.1024151e-04    6.4960
21.325   3.3244890e-04    6.4494
21.375   3.3378532e-04    7.2891
21.425   3.1517980e-04    7.0360
21.475   3.0788050e-04    6.6205
21.525   2.9297504e-04    6.6407
21.575   2.9521096e-04    7.2879
21.625   2.7751039e-04    6.7450
21.675   2.8673241e-04    7.0298
21.725   2.8295781e-04    7.0244
21.775   2.9408514e-04    7.5010
21.825   2.9073031e-04    8.5971
21.875   2.6575823e-04    7.6542
21.925   2.5292115e-04    7.0357
21.975   2.7568530e-04    6.7931
22.025   2.5389157e-04    7.3571
22.075   2.5781472e-04    7.1414
22.125   2.7145380e-04    7.4097
22.175   2.5940296e-04    7.3273
22.225   2.6916251e-04    7.0206
22.275   2.6777352e-04    8.0473
22.325   2.5333525e-04    6.9770
22.375   2.8067735e-04    7.3486
22.425   2.7697544e-04    7.4156
22.475   2.7003659e-04    7.8372
22.525   2.7397009e-04    7.6352
22.575   2.5398791e-04    7.5626
22.625   2.4390936e-04    7.5576
22.675   2.4757387e-04    7.9871
22.725   2.4053457e-04    7.3562
22.775   2.6115163e-04    7.4596
22.825   2.4548421e-04    7.3514
22.875   2.5894701e-04    7.6433
22.925   2.5700132e-04    7.7603
22.975   2.5015406e-04    7.3486
23.025   2.5408311e-04    7.6481
23.075   2.4700815e-04    7.6065
23.125   2.3935415e-04    7.7147
23.175   2.2781785e-04    7.5606
23.225   2.3964989e-04    7.6804
23.275   2.4058262e-04    7.8674
23.325   2.4650549e-04    7.2433
23.375   2.5606314e-04    7.9851
23.425   2.3911941e-04    7.6364
23.475   2.3541739e-04    8.0352
23.525   2.4885108e-04    8.4647
23.575   2.5504615e-04    8.2387
23.625   2.4475373e-04    7.8618
23.675   2.3503980e-04    7.6363
23.725   2.3204561e-04    7.3143
23.775   2.2208789e-04    7.3461
23.825   2.3693135e-04    7.8153
23.875   2.2688668e-04    7.6682
23.925   2.3419262e-04    8.0248
23.975   2.3045384e-04    8.5153
24.025   2.1780281e-04    7.2669
24.075   2.2139083e-04    7.9853
24.125   2.3756501e-04    7.7153
24.175   2.2303228e-04    8.0814
24.225   2.2648075e-04    8.0991
24.275   2.2038292e-04    7.9810
24.325   2.1657307e-04    8.1010
24.375   2.1928527e-04    7.8601
24.425   2.0256186e-04    7.8834
24.475   2.0871576e-04    7.8959
24.525   2.2195840e-04    8.2349
24.575   2.2478133e-04    7.9859
24.625   2.1328534e-04    8.4716
24.675   1.8833643e-04    9.4975
24.725   1.9659675e-04    8.3779
24.775   2.0843103e-04    9.0774
24.825   2.1846491e-04    8.4683
24.875   2.1251576e-04    8.3674
24.925   1.9939293e-04    7.6182
24.975   2.0672751e-04    8.0104
25.025   2.2420823e-04    8.1066
25.075   2.1578670e-04    7.8526
25.125   2.1226485e-04    7.9015
25.175   2.0861252e-04    7.8556
25.225   2.3078409e-04    9.1487
25.275   2.1317781e-04    8.5283
25.325   2.1221127e-04    8.2841
25.375   2.1577878e-04    8.6746
25.425   2.0005765e-04    8.8336
25.475   2.0980695e-04    8.1481
25.525   2.1351645e-04    8.2978
25.575   2.1443790e-04    8.6043
25.625   1.9706538e-04    8.3506
25.675   1.9451154e-04    8.2600
25.725   2.0028404e-04    8.3715
25.775   2.0353402e-04    8.8473
25.825   1.9141760e-04    8.1439
25.875   1.9150660e-04    8.6135
25.925   1.8818399e-04    8.7782
25.975   1.7858810e-04    8.6938
26.025   1.8550810e-04    8.1125
26.075   1.8145521e-04    8.2434
26.125   1.8570313e-04    8.5581
26.175   1.9288111e-04    8.4813
26.225   2.0302908e-04    9.9265
26.275   1.8686926e-04    8.3409
26.325   1.8370884e-04    8.9025
26.375   1.8190512e-04    8.7362
26.425   1.7608902e-04    9.3666
26.475   1.7364582e-04    8.3621
26.525   2.1015394e-04    8.9180
26.575   1.8490187e-04    9.0793
26.625   1.8754136e-04    8.8683
26.675   1.8965952e-04    9.3640
26.725   1.9579173e-04    8.8235
26.775   1.9180086e-04    8.3990
26.825   1.8426683e-04    8.9257
26.875   1.7876971e-04    8.8655
26.925   1.8519523e-04    8.7033
26.975   1.8266057e-04    8.7573
27.025   1.8785027e-04    9.3004
27.075   1.7890966e-04    8.8169
27.125   1.8342753e-04    9.6715
27.175   1.6876265e-04    8.9917
27.225   1.8255087e-04    9.3049
27.275   1.6430285e-04    9.3625
27.325   1.5647522e-04    8.5256
27.375   1.7456608e-04    9.6038
27.425   1.7705722e-04    9.6166
27.475   1.6701990e-04    9.5104
27.525   1.6834807e-04    10.1143
27.575   1.6468240e-04    9.1475
27.625   1.5297737e-04    9.3337
27.675   1.5757814e-04    9.0016
27.725   1.5069978e-04    8.5842
27.775   1.6802843e-04    8.7542
27.825   1.7049696e-04    10.1838
27.875   1.5360570e-04    9.9424
27.925   1.4792982e-04    9.2885
27.975   1.4635721e-04    9.5134
28.025   1.6912017e-04    10.6215
28.075   1.4406314e-04    9.6516
28.125   1.5139246e-04    9.5369
28.175   1.5042435e-04    9.4119
28.225   1.5048626e-04    10.3813
28.275   1.5369072e-04    9.4251
28.325   1.5951464e-04    9.5167
28.375   1.4853995e-04    10.4893
28.425   1.5403652e-04    9.4778
28.475   1.4009761e-04    9.2868
28.525   1.4068074e-04    9.1637
28.575   1.5712573e-04    10.1693
28.625   1.5776365e-04    10.4371
28.675   1.4212010e-04    9.7408
28.725   1.5674445e-04    10.5425
28.775   1.5112904e-04    10.7226
28.825   1.5095132e-04    10.2116
28.875   1.3432695e-04    9.7839
28.925   1.4850076e-04    10.9021
28.975   1.4089331e-04    10.5749
29.025   1.2849382e-04    9.8128
29.075   1.3913294e-04    9.7650
29.125   1.3944466e-04    9.5726
29.175   1.4100624e-04    10.8385
29.225   1.3984747e-04    9.6427
29.275   1.5473559e-04    10.4312
29.325   1.4148386e-04    10.7549
29.375   1.4421232e-04    10.6100
29.425   1.4553887e-04    10.1110
29.475   1.4301249e-04    9.3580
29.525   1.3941594e-04    10.3574
29.575   1.4372164e-04    10.0473
29.625   1.5547836e-04    9.7716
29.675   1.3462077e-04    9.1477
29.725   1.2866662e-04    9.4340
29.775   1.2822052e-04    9.4943
29.825   1.4205335e-04    10.1729
29.875   1.3083083e-04    10.0135
29.925   1.3428935e-04    11.0180
29.975   1.2762463e-04    10.0398
30.025   1.4138874e-04    10.4107
30.075   1.3493951e-04    10.5941
30.125   1.3470498e-04    9.4188
30.175   1.4673488e-04    9.9286
30.225   1.3068234e-04    11.5624
30.275   1.4397692e-04    10.5470
30.325   1.2775224e-04    10.2829
30.375   1.3337599e-04    11.1218
30.425   1.2476254e-04    9.6902
30.475   1.2982539e-04    10.9023
30.525   1.3476131e-04    11.2377
30.575   1.2277271e-04    10.4085
30.625   1.2701084e-04    10.0798
30.675   1.3630078e-04    11.2683
30.725   1.2814174e-04    10.8300
30.775   1.2855190e-04    11.3160
30.825   1.2614545e-04    12.1825
30.875   1.2062423e-04    10.2375
30.925   1.1694139e-04    10.7004
30.975   1.3035954e-04    10.2534
31.025   1.1970798e-04    10.5497
31.075   1.2031098e-04    9.9911
31.125   1.1915293e-04    12.0346
31.175   1.2445542e-04    10.6135
31.225   1.3008269e-04    11.3313
31.275   1.2590354e-04    10.5352
31.325   1.1140027e-04    10.3213
31.375   1.1028093e-04    11.0505
31.425   1.2514207e-04    10.7740
31.475   1.3257946e-04    11.1107
31.525   1.3098578e-04    10.9848
31.575   1.2113024e-04    10.5682
31.625   1.2626452e-04    13.0856
31.675   1.2444078e-04    11.1161
31.725   1.0458678e-04    10.9590
31.775   1.2117783e-04    11.6538
31.825   1.1718572e-04    11.5007
31.875   1.1826176e-04    10.8154
31.925   1.0532457e-04    11.2154
31.975   1.0273722e-04    11.2964
32.025   1.1762249e-04    11.4659
32.075   1.2577311e-04    11.5474
32.125   1.0914939e-04    10.4981
32.175   1.0782092e-04    11.7920
32.225   1.2024810e-04    11.8752
32.275   1.1178340e-04    12.7933
32.325   1.0280157e-04    10.7888
32.375   1.1205322e-04    12.2307
32.425   1.0428347e-04    10.6969
32.475   1.1092839e-04    12.5449
32.525   1.0828258e-04    12.7350
32.575   1.1169422e-04    11.4846
32.625   9.4766602e-05    11.4278
32.675   9.4435349e-05    10.6586
32.725   1.0955377e-04    13.2055
32.775   1.0288847e-04    12.7033
32.825   8.8827788e-05    10.9612
32.875   1.0385745e-04    12.2249
32.925   9.5050190e-05    11.8991
32.975   1.1520581e-04    14.0085
33.025   1.1173931e-04    12.5303
33.075   1.0996782e-04    13.6955
33.125   9.7472403e-05    11.3698
33.175   1.0319004e-04    13.2600
33.225   9.8033782e-05    12.1924
33.275   1.0825825e-04    12.1970
33.325   9.8078533e-05    11.6050
33.375   9.5480109e-05    11.0741
33.425   9.2485760e-05    12.0137
33.475   1.0395699e-04    12.9691
33.525   8.8051521e-05    11.2542
33.575   8.9522789e-05    13.6720
33.625   9.7438958e-05    13.7463
33.675   9.5957001e-05    13.2991
33.725   8.2192318e-05    10.9385
33.775   9.1404823e-05    12.7047
33.825   9.0745049e-05    13.5454
33.875   8.2530699e-05    11.3608
33.925   8.4918118e-05    11.3100
33.975   9.2333529e-05    11.0750
34.025   1.0296686e-04    11.2460
34.075   9.3790160e-05    11.9279
34.125   8.5984488e-05    11.4123
34.175   9.2228432e-05    13.8821
34.225   9.0383567e-05    11.7488
34.275   9.0359843e-05    15.3107
34.325   9.4998359e-05    13.4287
34.375   1.1113077e-04    12.2110
34.425   9.7468541e-05    12.2838
34.475   9.9399423e-05    11.3577
34.525   9.8401897e-05    13.1742
34.575   8.1408060e-05    11.5248
34.625   8.6591563e-05    12.2366
34.675   9.0761209e-05    14.1232
34.725   8.1280602e-05    13.2621
34.775   8.7141580e-05    11.6812
34.825   9.5226758e-05    11.9657
34.875   8.4114666e-05    12.1219
34.925   7.4873136e-05    11.5177
34.975   8.4872236e-05    13.2617
35.025   8.6354044e-05    11.2333
35.075   9.7595330e-05    13.9213
35.125   8.4594052e-05    13.4263
35.175   1.0124203e-04    15.5041
35.225   8.4679708e-05    16.6583
35.275   8.2724923e-05    12.5983
35.325   8.5207372e-05    12.9021
35.375   9.5555282e-05    15.3676
35.425   8.4353583e-05    12.1640
35.475   8.5199446e-05    12.0358
35.525   8.4979482e-05    14.2076
35.575   8.4179080e-05    13.9194
35.625   8.5192474e-05    13.8981
35.675   8.3036954e-05    13.1267
35.725   8.6906419e-05    13.8589
35.775   7.8117354e-05    13.5279
35.825   7.5264854e-05    14.2870
35.875   8.1465487e-05    13.0752
35.925   7.4038245e-05    13.7695
35.975   7.5483064e-05    12.7965
36.025   7.1585465e-05    13.4891
36.075   6.8514899e-05    14.5643
36.125   8.5685605e-05    15.1820
36.175   7.4592458e-05    12.6127
36.225   8.0548451e-05    15.5404
36.275   6.6589476e-05    13.1455
36.325   7.5689002e-05    13.9603
36.375   8.2615595e-05    12.8837
36.425   9.1916611e-05    14.3449
36.475   9.0755442e-05    13.3086
36.525   8.9150916e-05    14.2384
36.575   6.4642511e-05    12.9226
36.625   7.3366149e-05    12.0179
36.675   7.6774239e-05    12.9528
36.725   7.1042444e-05    12.0747
36.775   8.0882326e-05    13.4886
36.825   7.4094236e-05    13.0010
36.875   7.4975147e-05    13.8318
36.925   8.6806439e-05    16.2003
36.975   6.3230570e-05    12.6669
37.025   7.6741682e-05    13.4336
37.075   7.1212874e-05    13.2611
37.125   7.4331479e-05    13.1250
37.175   8.0993633e-05    13.7346
37.225   7.0680761e-05    13.5187
37.275   6.8566789e-05    14.9505
37.325   7.1171800e-05    14.1118
37.375   7.5006687e-05    13.9295
37.425   7.9878318e-05    13.1861
37.475   7.1669146e-05    14.2756
37.525   7.0757953e-05    15.7676
37.575   6.6483921e-05    12.2461
37.625   6.9077602e-05    13.6734
37.675   7.8240872e-05    17.4060
37.725   7.2720701e-05    14.9441
37.775   7.0428883e-05    13.0211
37.825   6.1112475e-05    12.7690
37.875   7.3785522e-05    13.3892
37.925   7.1981961e-05    14.1611
37.975   6.7427873e-05    13.5632
38.025   7.8111905e-05    15.6307
38.075   6.6886572e-05    13.9727
38.125   7.0941225e-05    15.6187
38.175   5.7197273e-05    13.5877
38.225   6.6063948e-05    13.9487
38.275   6.4311158e-05    15.1057
38.325   5.8661208e-05    15.0805
38.375   6.7436424e-05    15.3468
38.425   6.1523752e-05    15.2528
38.475   5.5730810e-05    13.6736
38.525   6.2507786e-05    13.2634
38.575   6.6171416e-05    13.7335
38.625   6.8273579e-05    15.6761
38.675   7.1922005e-05    15.9647
38.725   6.8704081e-05    14.8050
38.775   6.7384061e-05    15.2801
38.825   7.0511202e-05    20.0729
38.875   4.9685626e-05    13.5065
38.925   6.0563808e-05    20.1731
38.975   5.9470808e-05    15.6178
39.025   6.2479918e-05    14.8709
39.075   6.4083158e-05    15.5539
39.125   5.0634369e-05    13.5733
39.175   7.1232718e-05    16.2458
39.225   5.8679731e-05    13.3988
39.275   7.1084717e-05    15.6003
39.325   5.7781377e-05    18.0420
39.375   4.8395418e-05    14.4305
39.425   5.0413555e-05    15.2548
39.475   5.3021694e-05    16.6686
39.525   4.8783622e-05    15.1858
39.575   6.0295155e-05    18.4331
39.625   5.0674800e-05    14.5360
39.675   5.1829191e-05    14.9749
39.725   5.5283276e-05    15.0509
39.775   5.2581150e-05    15.7308
39.825   5.8517919e-05    14.8783
39.875   5.5173438e-05    18.7246
39.925   4.6535755e-05    15.8237
39.975   5.0440374e-05    17.6360
