SOBP group - Emax: 150 MeV - Width (X): 30%
Energy of the incident proton beam: 135.221 MeV
Depth (cm)  |  EnergyDeposit (a.u.)  |  Error (%)
0.025    1.8386399e-01    0.0864
0.075    1.8825204e-01    0.0880
0.125    1.8919682e-01    0.0900
0.175    1.8994680e-01    0.0918
0.225    1.9064783e-01    0.0903
0.275    1.9112299e-01    0.0909
0.325    1.9178774e-01    0.0917
0.375    1.9243798e-01    0.0929
0.425    1.9284380e-01    0.0915
0.475    1.9331838e-01    0.0906
0.525    1.9378494e-01    0.0905
0.575    1.9455061e-01    0.0944
0.625    1.9476555e-01    0.0904
0.675    1.9540412e-01    0.0939
0.725    1.9585416e-01    0.0915
0.775    1.9650232e-01    0.0940
0.825    1.9685747e-01    0.0927
0.875    1.9727778e-01    0.0928
0.925    1.9778214e-01    0.0934
0.975    1.9840976e-01    0.0951
1.025    1.9879030e-01    0.0944
1.075    1.9898177e-01    0.0911
1.125    1.9951294e-01    0.0934
1.175    1.9987274e-01    0.0934
1.225    2.0043845e-01    0.0923
1.275    2.0076490e-01    0.0927
1.325    2.0131301e-01    0.0937
1.375    2.0167361e-01    0.0922
1.425    2.0219108e-01    0.0943
1.475    2.0268054e-01    0.0949
1.525    2.0305158e-01    0.0943
1.575    2.0323206e-01    0.0918
1.625    2.0353025e-01    0.0908
1.675    2.0379044e-01    0.0898
1.725    2.0422541e-01    0.0903
1.775    2.0494821e-01    0.0940
1.825    2.0539141e-01    0.0927
1.875    2.0575867e-01    0.0926
1.925    2.0606499e-01    0.0914
1.975    2.0649940e-01    0.0915
2.025    2.0678691e-01    0.0913
2.075    2.0704889e-01    0.0888
2.125    2.0774879e-01    0.0909
2.175    2.0789078e-01    0.0913
2.225    2.0839828e-01    0.0911
2.275    2.0894811e-01    0.0911
2.325    2.0950663e-01    0.0939
2.375    2.0954096e-01    0.0888
2.425    2.1007152e-01    0.0904
2.475    2.1029731e-01    0.0887
2.525    2.1076627e-01    0.0887
2.575    2.1106835e-01    0.0890
2.625    2.1156782e-01    0.0882
2.675    2.1207039e-01    0.0892
2.725    2.1251423e-01    0.0898
2.775    2.1304398e-01    0.0900
2.825    2.1352181e-01    0.0912
2.875    2.1382942e-01    0.0901
2.925    2.1439402e-01    0.0912
2.975    2.1486231e-01    0.0915
3.025    2.1492676e-01    0.0882
3.075    2.1542476e-01    0.0888
3.125    2.1568719e-01    0.0879
3.175    2.1623171e-01    0.0889
3.225    2.1653678e-01    0.0875
3.275    2.1704749e-01    0.0884
3.325    2.1761489e-01    0.0890
3.375    2.1786049e-01    0.0870
3.425    2.1824761e-01    0.0866
3.475    2.1880818e-01    0.0884
3.525    2.1918467e-01    0.0876
3.575    2.1950296e-01    0.0863
3.625    2.1997380e-01    0.0866
3.675    2.2030593e-01    0.0868
3.725    2.2092303e-01    0.0891
3.775    2.2112454e-01    0.0857
3.825    2.2151262e-01    0.0853
3.875    2.2200918e-01    0.0857
3.925    2.2254943e-01    0.0871
3.975    2.2285119e-01    0.0857
4.025    2.2310019e-01    0.0841
4.075    2.2356367e-01    0.0843
4.125    2.2400766e-01    0.0841
4.175    2.2449302e-01    0.0841
4.225    2.2485635e-01    0.0835
4.275    2.2543418e-01    0.0852
4.325    2.2589957e-01    0.0842
4.375    2.2627667e-01    0.0838
4.425    2.2689846e-01    0.0844
4.475    2.2725785e-01    0.0839
4.525    2.2787289e-01    0.0854
4.575    2.2822787e-01    0.0845
4.625    2.2861690e-01    0.0839
4.675    2.2919875e-01    0.0843
4.725    2.2944729e-01    0.0828
4.775    2.2999327e-01    0.0834
4.825    2.3050921e-01    0.0830
4.875    2.3111523e-01    0.0854
4.925    2.3147896e-01    0.0842
4.975    2.3195845e-01    0.0825
5.025    2.3264258e-01    0.0846
5.075    2.3286962e-01    0.0821
5.125    2.3324303e-01    0.0804
5.175    2.3384278e-01    0.0824
5.225    2.3423436e-01    0.0807
5.275    2.3495906e-01    0.0815
5.325    2.3540140e-01    0.0814
5.375    2.3601027e-01    0.0816
5.425    2.3643701e-01    0.0794
5.475    2.3688007e-01    0.0800
5.525    2.3741458e-01    0.0797
5.575    2.3818234e-01    0.0819
5.625    2.3861228e-01    0.0801
5.675    2.3905050e-01    0.0795
5.725    2.3961780e-01    0.0806
5.775    2.4004563e-01    0.0788
5.825    2.4082845e-01    0.0809
5.875    2.4132694e-01    0.0804
5.925    2.4177746e-01    0.0794
5.975    2.4230559e-01    0.0782
6.025    2.4300736e-01    0.0791
6.075    2.4356782e-01    0.0800
6.125    2.4424318e-01    0.0803
6.175    2.4475330e-01    0.0789
6.225    2.4521958e-01    0.0780
6.275    2.4575968e-01    0.0778
6.325    2.4647998e-01    0.0783
6.375    2.4702728e-01    0.0780
6.425    2.4748375e-01    0.0755
6.475    2.4824049e-01    0.0772
6.525    2.4883042e-01    0.0771
6.575    2.4907127e-01    0.0742
6.625    2.4984960e-01    0.0747
6.675    2.5059471e-01    0.0760
6.725    2.5122318e-01    0.0747
6.775    2.5201929e-01    0.0774
6.825    2.5268158e-01    0.0763
6.875    2.5342073e-01    0.0755
6.925    2.5396262e-01    0.0744
6.975    2.5476474e-01    0.0757
7.025    2.5537803e-01    0.0749
7.075    2.5598289e-01    0.0741
7.125    2.5672946e-01    0.0746
7.175    2.5761443e-01    0.0757
7.225    2.5836125e-01    0.0748
7.275    2.5889772e-01    0.0730
7.325    2.5961837e-01    0.0738
7.375    2.6030682e-01    0.0729
7.425    2.6112714e-01    0.0734
7.475    2.6174350e-01    0.0721
7.525    2.6245045e-01    0.0718
7.575    2.6336537e-01    0.0724
7.625    2.6414256e-01    0.0717
7.675    2.6493912e-01    0.0718
7.725    2.6557220e-01    0.0702
7.775    2.6644971e-01    0.0714
7.825    2.6731136e-01    0.0702
7.875    2.6807435e-01    0.0698
7.925    2.6912349e-01    0.0705
7.975    2.6994434e-01    0.0708
8.025    2.7085752e-01    0.0712
8.075    2.7173431e-01    0.0703
8.125    2.7266986e-01    0.0700
8.175    2.7340383e-01    0.0689
8.225    2.7424137e-01    0.0684
8.275    2.7513439e-01    0.0679
8.325    2.7625076e-01    0.0687
8.375    2.7745717e-01    0.0696
8.425    2.7820274e-01    0.0678
8.475    2.7921904e-01    0.0681
8.525    2.8036113e-01    0.0689
8.575    2.8133369e-01    0.0688
8.625    2.8242472e-01    0.0686
8.675    2.8350845e-01    0.0676
8.725    2.8454788e-01    0.0677
8.775    2.8546379e-01    0.0665
8.825    2.8670289e-01    0.0673
8.875    2.8776065e-01    0.0655
8.925    2.8912561e-01    0.0678
8.975    2.8997668e-01    0.0653
9.025    2.9113862e-01    0.0656
9.075    2.9226116e-01    0.0650
9.125    2.9355817e-01    0.0649
9.175    2.9503020e-01    0.0656
9.225    2.9621898e-01    0.0646
9.275    2.9773556e-01    0.0660
9.325    2.9890796e-01    0.0640
9.375    3.0049969e-01    0.0649
9.425    3.0191263e-01    0.0646
9.475    3.0312228e-01    0.0636
9.525    3.0466415e-01    0.0642
9.575    3.0580595e-01    0.0621
9.625    3.0749532e-01    0.0633
9.675    3.0898624e-01    0.0625
9.725    3.1065741e-01    0.0630
9.775    3.1205970e-01    0.0611
9.825    3.1402589e-01    0.0622
9.875    3.1560510e-01    0.0615
9.925    3.1724093e-01    0.0611
9.975    3.1907800e-01    0.0615
10.025   3.2088515e-01    0.0607
10.075   3.2277005e-01    0.0607
10.125   3.2461511e-01    0.0603
10.175   3.2672099e-01    0.0613
10.225   3.2860820e-01    0.0611
10.275   3.3068653e-01    0.0603
10.325   3.3255897e-01    0.0589
10.375   3.3479069e-01    0.0588
10.425   3.3710760e-01    0.0593
10.475   3.3944380e-01    0.0589
10.525   3.4185446e-01    0.0585
10.575   3.4432514e-01    0.0586
10.625   3.4677595e-01    0.0575
10.675   3.4954955e-01    0.0572
10.725   3.5225003e-01    0.0567
10.775   3.5523005e-01    0.0574
10.825   3.5813015e-01    0.0567
10.875   3.6103984e-01    0.0569
10.925   3.6427102e-01    0.0569
10.975   3.6724477e-01    0.0568
11.025   3.7022770e-01    0.0556
11.075   3.7370484e-01    0.0556
11.125   3.7717186e-01    0.0551
11.175   3.8098601e-01    0.0554
11.225   3.8472943e-01    0.0553
11.275   3.8874392e-01    0.0554
11.325   3.9297916e-01    0.0560
11.375   3.9745061e-01    0.0564
11.425   4.0184938e-01    0.0559
11.475   4.0665585e-01    0.0563
11.525   4.1127153e-01    0.0557
11.575   4.1613165e-01    0.0550
11.625   4.2122647e-01    0.0542
11.675   4.2702706e-01    0.0549
11.725   4.3250302e-01    0.0535
11.775   4.3842726e-01    0.0528
11.825   4.4480632e-01    0.0522
11.875   4.5149758e-01    0.0515
11.925   4.5854568e-01    0.0508
11.975   4.6628038e-01    0.0505
12.025   4.7436059e-01    0.0496
12.075   4.8320001e-01    0.0494
12.125   4.9232272e-01    0.0483
12.175   5.0244476e-01    0.0482
12.225   5.1330751e-01    0.0476
12.275   5.2519378e-01    0.0475
12.325   5.3807831e-01    0.0472
12.375   5.5204497e-01    0.0469
12.425   5.6750347e-01    0.0469
12.475   5.8467182e-01    0.0470
12.525   6.0316989e-01    0.0466
12.575   6.2439929e-01    0.0468
12.625   6.4797450e-01    0.0468
12.675   6.7504025e-01    0.0469
12.725   7.0610527e-01    0.0472
12.775   7.4283678e-01    0.0480
12.825   7.8554529e-01    0.0488
12.875   8.3519042e-01    0.0503
12.925   8.8974843e-01    0.0524
12.975   9.4331010e-01    0.0550
13.025   9.8513217e-01    0.0586
13.075   1.0000000e+00    0.0637
13.125   9.7188294e-01    0.0712
13.175   8.9019369e-01    0.0820
13.225   7.5751571e-01    0.0976
13.275   5.9195502e-01    0.1201
13.325   4.1984162e-01    0.1527
13.375   2.6838708e-01    0.2012
13.425   1.5294295e-01    0.2762
13.475   7.7739331e-02    0.3964
13.525   3.5142913e-02    0.5976
13.575   1.4145028e-02    0.9437
13.625   5.3048955e-03    1.5461
13.675   2.1483604e-03    2.4419
13.725   1.1630953e-03    3.2866
13.775   9.0888277e-04    3.7819
13.825   8.6956927e-04    4.1181
13.875   8.4047591e-04    4.0111
13.925   8.0194452e-04    4.0764
13.975   8.0338027e-04    4.1303
14.025   8.5004504e-04    4.3246
14.075   8.2507636e-04    4.1388
14.125   7.8644619e-04    4.0616
14.175   7.7904614e-04    3.9989
14.225   7.7792971e-04    3.9690
14.275   8.1872160e-04    4.2695
14.325   7.6420963e-04    4.0321
14.375   7.8488111e-04    4.2461
14.425   7.6912268e-04    4.1382
14.475   7.5371831e-04    4.3036
14.525   7.5096561e-04    4.1184
14.575   7.2919124e-04    4.3505
14.625   7.2696713e-04    4.2484
14.675   7.2921944e-04    4.3501
14.725   7.5871187e-04    4.3450
14.775   7.7816794e-04    4.2697
14.825   7.2920735e-04    4.2081
14.875   7.6069906e-04    4.5519
14.925   7.3339456e-04    4.4692
14.975   7.1748777e-04    4.3943
15.025   7.3032635e-04    4.6000
15.075   7.1237469e-04    4.4861
15.125   6.9538866e-04    4.4808
15.175   7.1382857e-04    4.4399
15.225   7.1630701e-04    4.5018
15.275   6.8459836e-04    4.3529
15.325   6.5783198e-04    4.4985
15.375   6.7388190e-04    4.5680
15.425   6.6888569e-04    4.5658
15.475   6.9927457e-04    4.8523
15.525   6.7315436e-04    4.5127
15.575   6.7700870e-04    4.6496
15.625   6.5477322e-04    4.5621
15.675   6.7036024e-04    4.3152
15.725   6.9146373e-04    4.3538
15.775   6.7389417e-04    4.5724
15.825   6.4286496e-04    4.4556
15.875   6.3731093e-04    4.8027
15.925   6.7334954e-04    4.8015
15.975   6.3065460e-04    4.4685
16.025   6.4766891e-04    4.8677
16.075   6.3446008e-04    4.6990
16.125   6.2540845e-04    4.7388
16.175   6.7873674e-04    4.7632
16.225   6.0513713e-04    4.8178
16.275   6.1087320e-04    4.8452
16.325   5.8793170e-04    5.0387
16.375   5.8890322e-04    4.7698
16.425   5.8881401e-04    5.0320
16.475   5.6496538e-04    4.7501
16.525   6.0122312e-04    4.8847
16.575   5.9923153e-04    4.9979
16.625   5.6482892e-04    4.9620
16.675   5.7665308e-04    4.7974
16.725   5.7333731e-04    4.8814
16.775   5.4419559e-04    4.6655
16.825   5.7519819e-04    4.9732
16.875   5.6312627e-04    5.0435
16.925   5.8375592e-04    4.9698
16.975   5.7671163e-04    5.1045
17.025   5.4966825e-04    4.8807
17.075   5.4760762e-04    4.7362
17.125   5.5945264e-04    4.9525
17.175   5.4124536e-04    4.8881
17.225   5.3799106e-04    4.9745
17.275   5.5202695e-04    4.8403
17.325   5.3573256e-04    5.0145
17.375   5.3670153e-04    5.0068
17.425   5.7720948e-04    5.1257
17.475   5.3970365e-04    4.8539
17.525   5.7649090e-04    5.0507
17.575   5.4320898e-04    4.9683
17.625   5.5395214e-04    5.1726
17.675   5.2174494e-04    4.9604
17.725   5.1289358e-04    5.1172
17.775   5.2471724e-04    5.0937
17.825   5.0894923e-04    5.0493
17.875   5.1819302e-04    5.2519
17.925   5.2414053e-04    5.3807
17.975   5.0691863e-04    5.3083
18.025   5.1632801e-04    5.2637
18.075   5.2171680e-04    5.3475
18.125   4.6602556e-04    5.0906
18.175   5.1528043e-04    5.2341
18.225   5.0293573e-04    5.2673
18.275   4.9670094e-04    5.2000
18.325   5.0078188e-04    5.3223
18.375   4.9750328e-04    5.3907
18.425   4.9132340e-04    5.7228
18.475   4.6296032e-04    5.2848
18.525   4.8118557e-04    5.7012
18.575   4.6661122e-04    5.6247
18.625   4.7387036e-04    5.4929
18.675   4.6493068e-04    5.3190
18.725   4.3562128e-04    5.1863
18.775   4.7224096e-04    5.4885
18.825   4.6449475e-04    5.4680
18.875   4.5673086e-04    5.3144
18.925   4.6249747e-04    5.4106
18.975   4.5832198e-04    5.7908
19.025   4.2213876e-04    5.3823
19.075   4.2226535e-04    5.5933
19.125   4.3278560e-04    5.3592
19.175   4.5105385e-04    5.9043
19.225   4.3832839e-04    5.7571
19.275   4.3224887e-04    5.9843
19.325   4.1822248e-04    5.9921
19.375   4.3292552e-04    5.7185
19.425   4.1318997e-04    5.7064
19.475   4.3615196e-04    5.5269
19.525   4.3323392e-04    5.6349
19.575   4.2634162e-04    6.0490
19.625   4.2463827e-04    5.6516
19.675   4.0171801e-04    5.4557
19.725   4.2286898e-04    5.8833
19.775   4.2255720e-04    6.0502
19.825   4.0214720e-04    5.8494
19.875   4.0580821e-04    5.9135
19.925   3.9664877e-04    5.7294
19.975   3.9608798e-04    5.6723
20.025   3.9620744e-04    5.8460
20.075   3.9657199e-04    5.7548
20.125   3.9473658e-04    5.8933
20.175   3.7218601e-04    5.7204
20.225   3.8262960e-04    5.9422
20.275   3.9673969e-04    6.0904
20.325   3.8507661e-04    5.8907
20.375   3.7788178e-04    6.0624
20.425   3.6544838e-04    5.9257
20.475   3.7202205e-04    6.0221
20.525   3.5608462e-04    6.1623
20.575   3.6779880e-04    6.8616
20.625   3.3911333e-04    6.7330
20.675   3.4645305e-04    6.3886
20.725   3.9266882e-04    6.4611
20.775   3.7677506e-04    6.5380
20.825   3.7009582e-04    6.4696
20.875   3.5264944e-04    6.3506
20.925   3.4418910e-04    6.0353
20.975   3.7309979e-04    6.0105
21.025   3.5894707e-04    6.1560
21.075   3.6418189e-04    6.3852
21.125   3.5210469e-04    6.0948
21.175   3.6250690e-04    6.8315
21.225   3.9357679e-04    6.7229
21.275   3.4930041e-04    6.5897
21.325   3.6111327e-04    6.9703
21.375   3.2198138e-04    6.8966
21.425   3.3934543e-04    6.1862
21.475   3.4373006e-04    6.2758
21.525   3.4950176e-04    6.5140
21.575   3.5398153e-04    6.3601
21.625   3.4297456e-04    6.0513
21.675   3.4706975e-04    6.4696
21.725   3.3061830e-04    6.2823
21.775   3.3654736e-04    7.1276
21.825   3.3964278e-04    6.5112
21.875   3.1219857e-04    6.7978
21.925   3.1189505e-04    6.2028
21.975   3.2990315e-04    6.7413
22.025   3.1877377e-04    6.7072
22.075   3.1293750e-04    6.6110
22.125   3.1294108e-04    6.5298
22.175   3.1985548e-04    6.9630
22.225   3.1483160e-04    6.5402
22.275   3.1187908e-04    6.9113
22.325   3.0156592e-04    6.2833
22.375   2.9953420e-04    6.6657
22.425   3.0652142e-04    6.4635
22.475   2.9514591e-04    7.0220
22.525   2.9762813e-04    6.7911
22.575   3.1330960e-04    6.5872
22.625   3.0506672e-04    6.7542
22.675   2.9398643e-04    6.7240
22.725   2.8882082e-04    6.5508
22.775   2.7972264e-04    6.5695
22.825   2.8018181e-04    6.7703
22.875   2.8513834e-04    6.6843
22.925   2.8566104e-04    6.7028
22.975   3.0654912e-04    7.2243
23.025   2.7082846e-04    6.7030
23.075   2.7517594e-04    6.7251
23.125   2.9722960e-04    6.9263
23.175   2.9844925e-04    6.9400
23.225   3.0750682e-04    7.7790
23.275   2.8987665e-04    6.7279
23.325   2.8927121e-04    6.8891
23.375   3.0063621e-04    7.4093
23.425   2.6823234e-04    6.8155
23.475   2.7907652e-04    7.1032
23.525   2.8410082e-04    7.1499
23.575   2.8642738e-04    6.8112
23.625   2.9233929e-04    7.3321
23.675   2.7244072e-04    7.5212
23.725   2.7774882e-04    7.1713
23.775   2.6555738e-04    7.2901
23.825   2.4067510e-04    7.4773
23.875   2.5105477e-04    7.6182
23.925   2.6104690e-04    7.3625
23.975   2.7409394e-04    7.4468
24.025   2.4294267e-04    7.5983
24.075   2.3925593e-04    7.4194
24.125   2.5717070e-04    7.8933
24.175   2.5144350e-04    7.9384
24.225   2.5460804e-04    7.2844
24.275   2.5249288e-04    7.4925
24.325   2.4534068e-04    7.5498
24.375   2.5179397e-04    6.9668
24.425   2.4762105e-04    7.5176
24.475   2.4554150e-04    7.4321
24.525   2.4488000e-04    7.3006
24.575   2.6405640e-04    7.3609
24.625   2.5828956e-04    7.8608
24.675   2.7127615e-04    8.1125
24.725   2.5615008e-04    8.2864
24.775   2.4484026e-04    7.5853
24.825   2.5448854e-04    8.0851
24.875   2.5081653e-04    7.6178
24.925   2.4565371e-04    8.0543
24.975   2.3034609e-04    7.4929
25.025   2.3879470e-04    8.2165
25.075   2.2698132e-04    7.0366
25.125   2.5365081e-04    7.1443
25.175   2.4008852e-04    7.5152
25.225   2.3187797e-04    7.2724
25.275   2.4233944e-04    7.5722
25.325   2.5782355e-04    7.8635
25.375   2.5231744e-04    7.3173
25.425   2.2390756e-04    7.7401
25.475   2.1796259e-04    7.8999
25.525   2.1539501e-04    7.6594
25.575   2.0395017e-04    7.2859
25.625   2.1967909e-04    7.5882
25.675   2.2706566e-04    7.2195
25.725   2.3052677e-04    8.0615
25.775   2.2425262e-04    7.5601
25.825   2.3624898e-04    8.3752
25.875   2.1174557e-04    7.5379
25.925   2.3236869e-04    7.9066
25.975   2.3114235e-04    7.6385
26.025   2.1580510e-04    7.6411
26.075   2.1564808e-04    7.9186
26.125   2.1516315e-04    8.6614
26.175   2.3202897e-04    8.8680
26.225   2.0784230e-04    8.0299
26.275   2.1383675e-04    8.7160
26.325   1.9936419e-04    8.4375
26.375   2.0622486e-04    8.7521
26.425   1.9309804e-04    8.0086
26.475   2.0706049e-04    8.7758
26.525   2.0090382e-04    8.0012
26.575   1.9102090e-04    7.8155
26.625   1.8971079e-04    7.7396
26.675   1.9931257e-04    7.8458
26.725   2.1986741e-04    8.4981
26.775   2.0239484e-04    8.6563
26.825   2.1645891e-04    8.1018
26.875   1.9222262e-04    8.1236
26.925   2.0308774e-04    8.4141
26.975   2.1892667e-04    8.7368
27.025   2.0994210e-04    8.1140
27.075   1.9807502e-04    8.0052
27.125   1.9574455e-04    8.2224
27.175   1.9524532e-04    8.8660
27.225   1.9102016e-04    8.0695
27.275   2.0241996e-04    8.7045
27.325   2.0363675e-04    8.3948
27.375   2.0440925e-04    8.3080
27.425   1.8581484e-04    8.7488
27.475   1.7271455e-04    8.6596
27.525   1.7139827e-04    8.0199
27.575   1.8292054e-04    8.2763
27.625   1.7901800e-04    8.6356
27.675   1.8271339e-04    8.9229
27.725   1.7109016e-04    8.5805
27.775   1.7462867e-04    9.1880
27.825   1.6676664e-04    8.3972
27.875   1.8139600e-04    9.1501
27.925   1.6864449e-04    8.9996
27.975   1.8138421e-04    8.6880
28.025   1.8188636e-04    8.6199
28.075   2.0181263e-04    8.8566
28.125   1.8872693e-04    9.2168
28.175   1.7537403e-04    9.4743
28.225   1.7692669e-04    8.9334
28.275   1.9585688e-04    9.8368
28.325   1.7533583e-04    8.7176
28.375   1.9781847e-04    9.3596
28.425   1.6776048e-04    8.5771
28.475   1.7170541e-04    8.7789
28.525   1.6580395e-04    9.2249
28.575   1.6658052e-04    8.6499
28.625   1.6993073e-04    9.0972
28.675   1.8712623e-04    9.4792
28.725   1.5795882e-04    9.2103
28.775   1.7294175e-04    10.1409
28.825   1.7538366e-04    10.0280
28.875   1.7003335e-04    9.2349
28.925   1.8794239e-04    8.9715
28.975   1.6433503e-04    9.7381
29.025   1.6441471e-04    9.2600
29.075   1.5473886e-04    8.7338
29.125   1.6343409e-04    9.4622
29.175   1.6035564e-04    9.1654
29.225   1.6526364e-04    8.7795
29.275   1.7206080e-04    9.5877
29.325   1.5912279e-04    8.7416
29.375   1.6604549e-04    8.7134
29.425   1.6284784e-04    9.7611
29.475   1.6972742e-04    9.7110
29.525   1.8319276e-04    9.7145
29.575   1.6536309e-04    9.3781
29.625   1.6271204e-04    8.9199
29.675   1.6131885e-04    8.8813
29.725   1.7084717e-04    9.7607
29.775   1.5651207e-04    9.4208
29.825   1.5237673e-04    9.4360
29.875   1.5609771e-04    9.8709
29.925   1.5241447e-04    9.2100
29.975   1.6772361e-04    9.7383
30.025   1.4940399e-04    10.0736
30.075   1.4955694e-04    9.4916
30.125   1.5330482e-04    9.2532
30.175   1.6709991e-04    9.5204
30.225   1.5504450e-04    9.5526
30.275   1.5919105e-04    9.9368
30.325   1.4711554e-04    10.7210
30.375   1.5969230e-04    9.3771
30.425   1.5250319e-04    8.9625
30.475   1.3609584e-04    9.7919
30.525   1.4298283e-04    10.1256
30.575   1.4696759e-04    9.9099
30.625   1.3468848e-04    8.9247
30.675   1.5407495e-04    10.6478
30.725   1.3036069e-04    9.5946
30.775   1.4229514e-04    10.2514
30.825   1.4193565e-04    10.6552
30.875   1.3597929e-04    9.8476
30.925   1.3386390e-04    10.1514
30.975   1.3836821e-04    10.1987
31.025   1.4732661e-04    9.6223
31.075   1.5533083e-04    9.6360
31.125   1.4798404e-04    9.6999
31.175   1.3516307e-04    9.3208
31.225   1.3102365e-04    9.2247
31.275   1.3143355e-04    9.5526
31.325   1.3755437e-04    9.5998
31.375   1.4981169e-04    10.3230
31.425   1.4971261e-04    11.2140
31.475   1.2038227e-04    9.7502
31.525   1.3104502e-04    10.4679
31.575   1.2342189e-04    10.6389
31.625   1.3219118e-04    11.1543
31.675   1.1943310e-04    9.8039
31.725   1.2731009e-04    10.7380
31.775   1.3660355e-04    11.7924
31.825   1.2847661e-04    10.1380
31.875   1.2935508e-04    11.2323
31.925   1.2678511e-04    10.0710
31.975   1.1682926e-04    11.7707
32.025   1.3036634e-04    10.9475
32.075   1.1402682e-04    9.8687
32.125   1.3225937e-04    11.6489
32.175   1.2216593e-04    11.2100
32.225   1.1523590e-04    10.6435
32.275   1.2995687e-04    12.1438
32.325   1.1557963e-04    11.6765
32.375   1.2266353e-04    12.5019
32.425   1.3266598e-04    12.2789
32.475   1.1528915e-04    10.5626
32.525   1.3482764e-04    12.0992
32.575   1.2499683e-04    9.5437
32.625   1.2602726e-04    10.1893
32.675   1.2714731e-04    11.0337
32.725   1.2180428e-04    10.3287
32.775   1.1860503e-04    10.7619
32.825   1.2395887e-04    10.5958
32.875   1.2730873e-04    11.3181
32.925   1.1006477e-04    10.1711
32.975   1.2519307e-04    12.1573
33.025   1.2009615e-04    11.9583
33.075   1.1064119e-04    9.7068
33.125   1.2103151e-04    10.3726
33.175   1.2869452e-04    11.1096
33.225   1.3172014e-04    10.8715
33.275   1.1769008e-04    11.0749
33.325   1.2436233e-04    12.1984
33.375   1.1295297e-04    10.5761
33.425   1.0243090e-04    11.1633
33.475   1.0750760e-04    10.9206
33.525   1.2050003e-04    11.9056
33.575   1.1279793e-04    11.5337
33.625   1.0576517e-04    10.6113
33.675   1.2263451e-04    12.5662
33.725   1.0045440e-04    10.5552
33.775   1.2174933e-04    11.4411
33.825   1.0216791e-04    10.9078
33.875   1.1617640e-04    12.2094
33.925   1.1540092e-04    12.4252
33.975   1.0849449e-04    10.8250
34.025   1.0590515e-04    11.3959
34.075   1.0310180e-04    12.3692
34.125   9.8970322e-05    12.0474
34.175   1.0255238e-04    11.9231
34.225   1.0595319e-04    11.3159
34.275   1.0608792e-04    11.9405
34.325   9.2248250e-05    11.0142
34.375   1.0625504e-04    11.5712
34.425   1.1374888e-04    12.3564
34.475   1.0329831e-04    12.3294
34.525   9.8510479e-05    11.5216
34.575   1.0536350e-04    13.6582
34.625   9.3955378e-05    13.7852
34.675   9.7868774e-05    11.2320
34.725   9.6312563e-05    11.8580
34.775   1.0543894e-04    12.1243
34.825   1.0149688e-04    12.2383
34.875   9.5469257e-05    11.7655
34.925   9.4612758e-05    11.1583
34.975   9.5697706e-05    11.2172
35.025   1.0128117e-04    12.9895
35.075   8.8119082e-05    11.4748
35.125   9.3869597e-05    12.7270
35.175   8.7359790e-05    10.4272
35.225   8.9546860e-05    11.3713
35.275   9.1463258e-05    11.2412
35.325   9.8341381e-05    11.7590
35.375   8.9763532e-05    13.0502
35.425   9.3874513e-05    11.2829
35.475   9.2117921e-05    11.5379
35.525   9.6202169e-05    11.6830
35.575   9.9012772e-05    12.1878
35.625   9.6631669e-05    12.2142
35.675   8.6760544e-05    12.1646
35.725   8.4697591e-05    13.8591
35.775   8.1894843e-05    11.6408
35.825   8.6031909e-05    11.2524
35.875   9.4310657e-05    12.0358
35.925   9.3136546e-05    14.7654
35.975   8.7398486e-05    12.5037
36.025   9.0487676e-05    12.0877
36.075   9.0596191e-05    11.3777
36.125   8.8267822e-05    11.5304
36.175   7.9520776e-05    12.1603
36.225   9.4871195e-05    12.3023
36.275   9.4430786e-05    11.3309
36.325   9.6551322e-05    13.6780
36.375   1.0399838e-04    13.8633
36.425   1.0040715e-04    13.3570
36.475   8.5637968e-05    12.4851
36.525   8.3578964e-05    12.6963
36.575   7.8986112e-05    12.6081
36.625   7.9792423e-05    12.6005
36.675   8.7718197e-05    14.4211
36.725   8.9102501e-05    14.5793
36.775   8.4373165e-05    12.5451
36.825   8.1932427e-05    13.8091
36.875   8.2701109e-05    13.1620
36.925   8.0934988e-05    11.7666
36.975   8.8252443e-05    12.0624
37.025   9.0055296e-05    14.2763
37.075   8.9201447e-05    11.6051
37.125   9.0036085e-05    14.1002
37.175   8.5945529e-05    15.7267
37.225   7.8904020e-05    12.6498
37.275   1.0208128e-04    12.8620
37.325   8.7632926e-05    12.9753
37.375   8.8806649e-05    12.9194
37.425   7.6372493e-05    14.3126
37.475   7.8976705e-05    12.2486
37.525   7.5154968e-05    11.7524
37.575   8.1561713e-05    12.0580
37.625   8.0142442e-05    13.4730
37.675   8.2891332e-05    12.9582
37.725   7.6315707e-05    12.7751
37.775   9.1180167e-05    15.0813
37.825   8.9316503e-05    14.8033
37.875   8.3271988e-05    13.1509
37.925   7.8049604e-05    14.5137
37.975   7.9588491e-05    13.0178
38.025   8.8671038e-05    12.8226
38.075   7.7832847e-05    12.2358
38.125   9.1940764e-05    14.6432
38.175   9.1254597e-05    13.1108
38.225   8.4404953e-05    13.4762
38.275   7.2870866e-05    14.0058
38.325   7.3050364e-05    12.6346
38.375   8.3050573e-05    13.4423
38.425   9.4209096e-05    15.0080
38.475   7.7813990e-05    14.8916
38.525   8.0007790e-05    13.2215
38.575   7.1934521e-05    13.7505
38.625   7.9340892e-05    13.3395
38.675   7.0056632e-05    13.8130
38.725   8.4987595e-05    15.9979
38.775   8.6672509e-05    14.8793
38.825   6.5865845e-05    13.4907
38.875   7.1320436e-05    14.1845
38.925   8.0071654e-05    13.8068
38.975   8.0125826e-05    16.5729
39.025   6.3813759e-05    13.7387
39.075   6.1934665e-05    14.7402
39.125   6.4912607e-05    15.1298
39.175   6.6466512e-05    14.1049
39.225   7.1074374e-05    14.5178
39.275   6.0854484e-05    13.2377
39.325   6.9107087e-05    15.4025
39.375   6.5178104e-05    17.5237
39.425   7.3149333e-05    15.6708
39.475   7.8681890e-05    15.7340
39.525   6.9366618e-05    13.6054
39.575   6.1355669e-05    12.8407
39.625   6.3811174e-05    14.1141
39.675   6.9112890e-05    13.9050
39.725   6.1369589e-05    14.8826
39.775   7.1312399e-05    15.3878
39.825   6.1392313e-05    12.4336
39.875   6.5771564e-05    15.4967
39.925   6.6685244e-05    14.7740
39.975   6.7156772e-05    14.2474
