SOBP group - Emax: 150 MeV - Width (X): 30%
Energy of the incident proton beam: 126.874 MeV
Depth (cm)  |  EnergyDeposit (a.u.)  |  Error (%)
0.025    1.8145332e-01    0.0859
0.075    1.8557735e-01    0.0874
0.125    1.8638884e-01    0.0894
0.175    1.8734299e-01    0.0935
0.225    1.8800689e-01    0.0924
0.275    1.8848058e-01    0.0915
0.325    1.8919754e-01    0.0938
0.375    1.8982490e-01    0.0936
0.425    1.9021971e-01    0.0933
0.475    1.9078635e-01    0.0942
0.525    1.9136512e-01    0.0930
0.575    1.9185794e-01    0.0942
0.625    1.9217236e-01    0.0919
0.675    1.9284774e-01    0.0945
0.725    1.9336841e-01    0.0942
0.775    1.9390723e-01    0.0948
0.825    1.9430925e-01    0.0938
0.875    1.9473364e-01    0.0929
0.925    1.9523379e-01    0.0925
0.975    1.9576511e-01    0.0936
1.025    1.9630665e-01    0.0950
1.075    1.9668934e-01    0.0946
1.125    1.9726898e-01    0.0932
1.175    1.9774543e-01    0.0941
1.225    1.9814942e-01    0.0938
1.275    1.9848494e-01    0.0928
1.325    1.9900201e-01    0.0921
1.375    1.9946580e-01    0.0932
1.425    1.9979949e-01    0.0925
1.475    2.0042931e-01    0.0940
1.525    2.0065504e-01    0.0901
1.575    2.0111967e-01    0.0918
1.625    2.0150531e-01    0.0918
1.675    2.0186362e-01    0.0892
1.725    2.0250674e-01    0.0935
1.775    2.0300663e-01    0.0916
1.825    2.0357028e-01    0.0929
1.875    2.0394610e-01    0.0923
1.925    2.0432466e-01    0.0925
1.975    2.0481839e-01    0.0917
2.025    2.0522716e-01    0.0929
2.075    2.0561760e-01    0.0904
2.125    2.0613501e-01    0.0921
2.175    2.0634656e-01    0.0884
2.225    2.0689906e-01    0.0906
2.275    2.0748366e-01    0.0916
2.325    2.0780850e-01    0.0895
2.375    2.0821092e-01    0.0893
2.425    2.0859341e-01    0.0885
2.475    2.0899801e-01    0.0891
2.525    2.0957378e-01    0.0886
2.575    2.0987953e-01    0.0874
2.625    2.1052341e-01    0.0899
2.675    2.1097423e-01    0.0900
2.725    2.1131533e-01    0.0885
2.775    2.1189506e-01    0.0907
2.825    2.1245844e-01    0.0891
2.875    2.1278428e-01    0.0888
2.925    2.1329985e-01    0.0892
2.975    2.1372146e-01    0.0887
3.025    2.1411680e-01    0.0882
3.075    2.1466566e-01    0.0891
3.125    2.1522161e-01    0.0886
3.175    2.1562837e-01    0.0887
3.225    2.1598066e-01    0.0870
3.275    2.1648263e-01    0.0871
3.325    2.1696238e-01    0.0873
3.375    2.1735110e-01    0.0868
3.425    2.1779581e-01    0.0863
3.475    2.1851810e-01    0.0881
3.525    2.1889571e-01    0.0861
3.575    2.1934075e-01    0.0852
3.625    2.1982637e-01    0.0855
3.675    2.2025027e-01    0.0847
3.725    2.2082354e-01    0.0864
3.775    2.2138336e-01    0.0853
3.825    2.2188721e-01    0.0858
3.875    2.2232163e-01    0.0844
3.925    2.2297254e-01    0.0848
3.975    2.2336481e-01    0.0842
4.025    2.2385601e-01    0.0836
4.075    2.2430513e-01    0.0833
4.125    2.2468712e-01    0.0818
4.175    2.2531164e-01    0.0832
4.225    2.2583502e-01    0.0828
4.275    2.2654730e-01    0.0845
4.325    2.2681687e-01    0.0817
4.375    2.2738548e-01    0.0816
4.425    2.2812043e-01    0.0840
4.475    2.2877240e-01    0.0833
4.525    2.2909730e-01    0.0826
4.575    2.2977814e-01    0.0830
4.625    2.3030515e-01    0.0820
4.675    2.3078645e-01    0.0805
4.725    2.3142690e-01    0.0825
4.775    2.3200510e-01    0.0823
4.825    2.3262483e-01    0.0824
4.875    2.3316616e-01    0.0816
4.925    2.3367978e-01    0.0807
4.975    2.3455880e-01    0.0814
5.025    2.3513598e-01    0.0827
5.075    2.3548394e-01    0.0794
5.125    2.3627181e-01    0.0810
5.175    2.3670713e-01    0.0799
5.225    2.3753293e-01    0.0812
5.275    2.3797281e-01    0.0796
5.325    2.3863730e-01    0.0796
5.375    2.3909218e-01    0.0780
5.425    2.4000120e-01    0.0801
5.475    2.4044021e-01    0.0769
5.525    2.4120647e-01    0.0778
5.575    2.4195236e-01    0.0774
5.625    2.4260083e-01    0.0777
5.675    2.4337654e-01    0.0788
5.725    2.4391349e-01    0.0762
5.775    2.4470821e-01    0.0773
5.825    2.4546335e-01    0.0771
5.875    2.4617184e-01    0.0777
5.925    2.4694983e-01    0.0774
5.975    2.4759898e-01    0.0764
6.025    2.4836378e-01    0.0784
6.075    2.4900282e-01    0.0758
6.125    2.4970834e-01    0.0761
6.175    2.5055125e-01    0.0752
6.225    2.5133204e-01    0.0758
6.275    2.5206350e-01    0.0756
6.325    2.5277476e-01    0.0734
6.375    2.5374551e-01    0.0754
6.425    2.5451572e-01    0.0750
6.475    2.5533964e-01    0.0751
6.525    2.5599754e-01    0.0732
6.575    2.5691883e-01    0.0740
6.625    2.5773789e-01    0.0738
6.675    2.5858933e-01    0.0729
6.725    2.5948364e-01    0.0730
6.775    2.6034366e-01    0.0726
6.825    2.6118323e-01    0.0716
6.875    2.6218052e-01    0.0719
6.925    2.6313309e-01    0.0715
6.975    2.6408260e-01    0.0711
7.025    2.6508750e-01    0.0709
7.075    2.6612160e-01    0.0720
7.125    2.6708737e-01    0.0725
7.175    2.6782532e-01    0.0693
7.225    2.6900810e-01    0.0696
7.275    2.7009554e-01    0.0713
7.325    2.7118247e-01    0.0701
7.375    2.7212032e-01    0.0692
7.425    2.7301849e-01    0.0685
7.475    2.7428688e-01    0.0687
7.525    2.7533459e-01    0.0681
7.575    2.7655328e-01    0.0689
7.625    2.7767436e-01    0.0676
7.675    2.7895379e-01    0.0687
7.725    2.8008281e-01    0.0677
7.775    2.8140529e-01    0.0686
7.825    2.8245868e-01    0.0669
7.875    2.8367989e-01    0.0664
7.925    2.8502351e-01    0.0668
7.975    2.8634498e-01    0.0658
8.025    2.8768161e-01    0.0663
8.075    2.8901333e-01    0.0655
8.125    2.9042135e-01    0.0653
8.175    2.9186808e-01    0.0652
8.225    2.9348960e-01    0.0659
8.275    2.9494468e-01    0.0653
8.325    2.9647056e-01    0.0653
8.375    2.9781995e-01    0.0639
8.425    2.9928398e-01    0.0631
8.475    3.0106349e-01    0.0642
8.525    3.0287287e-01    0.0646
8.575    3.0450931e-01    0.0648
8.625    3.0602504e-01    0.0623
8.675    3.0799168e-01    0.0633
8.725    3.0992849e-01    0.0635
8.775    3.1140071e-01    0.0618
8.825    3.1347127e-01    0.0626
8.875    3.1532864e-01    0.0613
8.925    3.1757569e-01    0.0622
8.975    3.1975691e-01    0.0624
9.025    3.2168748e-01    0.0610
9.075    3.2397608e-01    0.0617
9.125    3.2644541e-01    0.0617
9.175    3.2867722e-01    0.0605
9.225    3.3117412e-01    0.0608
9.275    3.3375315e-01    0.0599
9.325    3.3631751e-01    0.0591
9.375    3.3897388e-01    0.0583
9.425    3.4185737e-01    0.0585
9.475    3.4472152e-01    0.0588
9.525    3.4757771e-01    0.0582
9.575    3.5056867e-01    0.0576
9.625    3.5365955e-01    0.0576
9.675    3.5687536e-01    0.0574
9.725    3.6030004e-01    0.0574
9.775    3.6378622e-01    0.0572
9.825    3.6746959e-01    0.0576
9.875    3.7132089e-01    0.0575
9.925    3.7512549e-01    0.0572
9.975    3.7950762e-01    0.0582
10.025   3.8384930e-01    0.0581
10.075   3.8839246e-01    0.0584
10.125   3.9289277e-01    0.0581
10.175   3.9758915e-01    0.0574
10.225   4.0246653e-01    0.0571
10.275   4.0771611e-01    0.0563
10.325   4.1300244e-01    0.0552
10.375   4.1888662e-01    0.0554
10.425   4.2502371e-01    0.0547
10.475   4.3124813e-01    0.0533
10.525   4.3794396e-01    0.0527
10.575   4.4520888e-01    0.0522
10.625   4.5320328e-01    0.0521
10.675   4.6133120e-01    0.0511
10.725   4.7008127e-01    0.0499
10.775   4.7967461e-01    0.0497
10.825   4.8994965e-01    0.0492
10.875   5.0107457e-01    0.0485
10.925   5.1333904e-01    0.0483
10.975   5.2667738e-01    0.0481
11.025   5.4110834e-01    0.0476
11.075   5.5736108e-01    0.0476
11.125   5.7526866e-01    0.0475
11.175   5.9521865e-01    0.0476
11.225   6.1765354e-01    0.0477
11.275   6.4304063e-01    0.0478
11.325   6.7204983e-01    0.0478
11.375   7.0642282e-01    0.0483
11.425   7.4725394e-01    0.0490
11.475   7.9585339e-01    0.0502
11.525   8.5244610e-01    0.0520
11.575   9.1412615e-01    0.0547
11.625   9.6924386e-01    0.0582
11.675   1.0000000e+00    0.0634
11.725   9.8298837e-01    0.0711
11.775   9.0196543e-01    0.0830
11.825   7.5761557e-01    0.1007
11.875   5.7208476e-01    0.1273
11.925   3.8320206e-01    0.1675
11.975   2.2505565e-01    0.2303
12.025   1.1481992e-01    0.3335
12.075   5.0492005e-02    0.5121
12.125   1.9210588e-02    0.8365
12.175   6.5140319e-03    1.4460
12.225   2.1797561e-03    2.4621
12.275   1.0748095e-03    3.6968
12.325   7.8391445e-04    4.1107
12.375   7.3598579e-04    4.1989
12.425   7.3957202e-04    4.3652
12.475   7.0702911e-04    4.2627
12.525   7.5710933e-04    4.3619
12.575   7.7143270e-04    4.3274
12.625   7.5249743e-04    4.4322
12.675   7.2729776e-04    4.4329
12.725   7.1468931e-04    4.4624
12.775   7.2661325e-04    4.6378
12.825   6.7132311e-04    4.5759
12.875   6.7903688e-04    4.6072
12.925   6.7380393e-04    4.5630
12.975   6.7456905e-04    4.6730
13.025   6.7614134e-04    4.6387
13.075   6.3540084e-04    4.5762
13.125   6.2455773e-04    4.6466
13.175   6.2009540e-04    4.6303
13.225   6.5072425e-04    4.8602
13.275   6.5080783e-04    4.6755
13.325   6.0162837e-04    4.5654
13.375   6.2941686e-04    4.7129
13.425   6.3652966e-04    4.7424
13.475   6.6182128e-04    4.8143
13.525   6.4782269e-04    4.9095
13.575   6.2673635e-04    4.8993
13.625   6.1014783e-04    4.7661
13.675   5.9999463e-04    4.8877
13.725   6.1668029e-04    4.7981
13.775   6.1523743e-04    5.0352
13.825   6.0719226e-04    4.8055
13.875   5.6956193e-04    4.7374
13.925   5.8330029e-04    4.9804
13.975   5.7174613e-04    4.9566
14.025   5.6398534e-04    5.0137
14.075   5.9793112e-04    5.0589
14.125   5.8285822e-04    4.9561
14.175   5.8807859e-04    5.2669
14.225   5.6559120e-04    4.8915
14.275   5.8473675e-04    5.1203
14.325   5.5370140e-04    5.3611
14.375   5.4003841e-04    5.0533
14.425   5.5493955e-04    5.4540
14.475   5.5280909e-04    5.4272
14.525   5.6869164e-04    5.3728
14.575   5.6105544e-04    5.1510
14.625   5.4642807e-04    5.3447
14.675   5.1756044e-04    5.3675
14.725   5.4331847e-04    5.2709
14.775   5.3055125e-04    5.1986
14.825   5.1542752e-04    5.3568
14.875   5.1372516e-04    5.2846
14.925   5.1518036e-04    5.3422
14.975   5.2005334e-04    5.5507
15.025   5.1370667e-04    5.4784
15.075   5.1004991e-04    5.1547
15.125   5.1378317e-04    5.2134
15.175   5.2760083e-04    5.4068
15.225   5.0914088e-04    5.4009
15.275   5.0153966e-04    5.3275
15.325   4.9566864e-04    5.5950
15.375   4.8318211e-04    5.4087
15.425   4.9256803e-04    5.2727
15.475   5.0197365e-04    5.6384
15.525   5.0329445e-04    5.8647
15.575   5.0417057e-04    5.6011
15.625   4.9583750e-04    5.5868
15.675   4.8498124e-04    5.6926
15.725   4.9146745e-04    5.4415
15.775   4.7987447e-04    5.4275
15.825   4.6015673e-04    5.5351
15.875   4.8858013e-04    5.8176
15.925   4.6940246e-04    5.6678
15.975   4.7475497e-04    5.6533
16.025   4.5322619e-04    5.5860
16.075   4.7987343e-04    5.9258
16.125   4.5733026e-04    5.5452
16.175   4.7374183e-04    5.5931
16.225   4.6442629e-04    5.6234
16.275   4.7294183e-04    5.8650
16.325   4.4661083e-04    5.7122
16.375   4.6624157e-04    5.6109
16.425   4.7107195e-04    5.8351
16.475   4.4758752e-04    6.4063
16.525   4.4543301e-04    5.6410
16.575   4.4003424e-04    5.9348
16.625   4.0128827e-04    5.4825
16.675   4.1339513e-04    5.5438
16.725   4.2245759e-04    5.6086
16.775   4.2643061e-04    6.0112
16.825   4.0785394e-04    5.7714
16.875   4.0205283e-04    5.6646
16.925   4.4184082e-04    5.6778
16.975   4.3330150e-04    5.7605
17.025   4.2788130e-04    5.9648
17.075   4.0965159e-04    5.8747
17.125   4.1168356e-04    6.0911
17.175   4.0984788e-04    5.9510
17.225   4.0782045e-04    5.9887
17.275   3.9554450e-04    6.1386
17.325   4.0064775e-04    6.0833
17.375   4.1642283e-04    6.1964
17.425   3.7520387e-04    5.8667
17.475   3.8706233e-04    6.2330
17.525   3.9055943e-04    6.3582
17.575   3.8771734e-04    6.2817
17.625   3.8068316e-04    6.4158
17.675   3.6575851e-04    6.0736
17.725   3.8960147e-04    6.1283
17.775   3.7790144e-04    6.0434
17.825   3.8517195e-04    6.1047
17.875   3.8156728e-04    6.3655
17.925   3.9684404e-04    6.6033
17.975   3.6271688e-04    6.5192
18.025   3.4601253e-04    6.4964
18.075   3.4129713e-04    6.3381
18.125   3.8300920e-04    7.0420
18.175   3.5704704e-04    6.3098
18.225   3.4548309e-04    6.2630
18.275   3.6537801e-04    6.9786
18.325   3.5942461e-04    6.6040
18.375   3.5215491e-04    6.0006
18.425   3.6784669e-04    6.6130
18.475   3.7903966e-04    7.1320
18.525   3.7527132e-04    6.2062
18.575   3.5602429e-04    6.1878
18.625   3.5942965e-04    6.9095
18.675   3.2559153e-04    6.2953
18.725   3.6170020e-04    6.9262
18.775   3.5479795e-04    6.8886
18.825   3.5940292e-04    7.0706
18.875   3.3073943e-04    6.6163
18.925   3.1195137e-04    6.5840
18.975   3.1792667e-04    6.6986
19.025   3.3556637e-04    6.9396
19.075   3.4855735e-04    7.0722
19.125   3.2145413e-04    6.6120
19.175   3.3654525e-04    7.0565
19.225   3.2823943e-04    6.4875
19.275   3.2995613e-04    6.4722
19.325   3.1304951e-04    6.6022
19.375   3.2074887e-04    6.9457
19.425   3.3137553e-04    6.6825
19.475   3.3871804e-04    6.7250
19.525   3.1445443e-04    6.4504
19.575   2.9979322e-04    6.6527
19.625   3.1297012e-04    6.7620
19.675   3.1151496e-04    7.3531
19.725   2.8811829e-04    6.6461
19.775   3.1730384e-04    6.9698
19.825   2.8338183e-04    6.8318
19.875   3.2225589e-04    6.9942
19.925   3.1751351e-04    7.1606
19.975   2.9571676e-04    7.0339
20.025   3.1222971e-04    7.0355
20.075   3.2556904e-04    7.4326
20.125   2.8876729e-04    7.0458
20.175   2.9398511e-04    6.8994
20.225   2.8253157e-04    7.1496
20.275   3.0087298e-04    7.0898
20.325   2.9597679e-04    7.3048
20.375   2.7283066e-04    7.2871
20.425   2.7915986e-04    7.0643
20.475   2.8798531e-04    7.2667
20.525   2.8774782e-04    6.8833
20.575   2.8543026e-04    7.3545
20.625   2.5930110e-04    7.2060
20.675   2.8810812e-04    7.5718
20.725   2.8294452e-04    7.3270
20.775   2.5523935e-04    7.1775
20.825   2.5222950e-04    7.3602
20.875   2.4841645e-04    7.3025
20.925   2.4766847e-04    7.1851
20.975   2.4425060e-04    6.9031
21.025   2.6040122e-04    7.8572
21.075   2.4169610e-04    7.0980
21.125   2.8577023e-04    8.0284
21.175   2.7580095e-04    7.7899
21.225   2.6386792e-04    7.2626
21.275   2.5605815e-04    7.4546
21.325   2.6618771e-04    7.5588
21.375   2.5673742e-04    7.3333
21.425   2.8443207e-04    7.9637
21.475   2.5045120e-04    7.4979
21.525   2.6145368e-04    7.9528
21.575   2.7618917e-04    7.7143
21.625   2.5451001e-04    7.8756
21.675   2.4616608e-04    7.7716
21.725   2.5598903e-04    7.8035
21.775   2.6833280e-04    7.5773
21.825   2.5412643e-04    8.1080
21.875   2.2803138e-04    7.5824
21.925   2.3522641e-04    7.3646
21.975   2.3536941e-04    8.2825
22.025   2.2378052e-04    8.7174
22.075   2.2935656e-04    8.3655
22.125   2.2788094e-04    7.6656
22.175   2.2170181e-04    8.1392
22.225   2.2117999e-04    7.8228
22.275   2.3275148e-04    8.1593
22.325   2.3147300e-04    8.7684
22.375   2.2995600e-04    9.3778
22.425   2.0793973e-04    8.6471
22.475   2.0234297e-04    7.7895
22.525   2.1639834e-04    8.1217
22.575   2.4446449e-04    9.0572
22.625   2.2742055e-04    8.4546
22.675   2.0925610e-04    8.0914
22.725   2.1560662e-04    7.8896
22.775   2.1848957e-04    8.3528
22.825   2.1650437e-04    8.7302
22.875   2.1847260e-04    9.0084
22.925   2.1532898e-04    8.3113
22.975   2.1533917e-04    8.8056
23.025   2.0024125e-04    7.8342
23.075   2.0928272e-04    8.1423
23.125   2.0395123e-04    7.6749
23.175   2.0961839e-04    8.0915
23.225   2.0076621e-04    8.7371
23.275   2.0613712e-04    8.4665
23.325   2.0162485e-04    8.3715
23.375   2.0537080e-04    8.5627
23.425   2.2674213e-04    8.6338
23.475   1.9552227e-04    7.9679
23.525   2.0617247e-04    8.1870
23.575   2.0783224e-04    8.6020
23.625   2.1463861e-04    9.0020
23.675   1.9998978e-04    8.8094
23.725   1.9495379e-04    8.5305
23.775   2.1246570e-04    8.9191
23.825   1.8466105e-04    8.5872
23.875   1.8014444e-04    8.3433
23.925   2.0019001e-04    9.2582
23.975   1.9897423e-04    9.6473
24.025   2.0735754e-04    8.9027
24.075   1.9609124e-04    8.7233
24.125   1.8312207e-04    8.9402
24.175   1.8559138e-04    8.7876
24.225   1.6541690e-04    8.7333
24.275   1.7505368e-04    9.0141
24.325   1.7008358e-04    8.4535
24.375   1.7626112e-04    9.0008
24.425   1.7581125e-04    9.0536
24.475   1.8595482e-04    9.1691
24.525   1.9041103e-04    10.2248
24.575   1.8047714e-04    9.1580
24.625   1.9487312e-04    8.8530
24.675   1.9275136e-04    8.9009
24.725   1.8979968e-04    8.9362
24.775   1.7245537e-04    8.5720
24.825   1.6999278e-04    9.1106
24.875   1.8772485e-04    9.9524
24.925   1.8925140e-04    9.2196
24.975   1.7988084e-04    9.7778
25.025   1.8106448e-04    8.9850
25.075   1.7612185e-04    8.8987
25.125   1.8749451e-04    9.5921
25.175   1.6439723e-04    8.8675
25.225   1.7285947e-04    8.9787
25.275   1.6417574e-04    9.0772
25.325   1.7866491e-04    9.4071
25.375   1.6845116e-04    10.0410
25.425   1.6171598e-04    9.8360
25.475   1.6550442e-04    9.8237
25.525   1.5615905e-04    9.2490
25.575   1.5729403e-04    8.7790
25.625   1.5884952e-04    10.5693
25.675   1.7163343e-04    9.1793
25.725   1.5525485e-04    9.4437
25.775   1.4900820e-04    8.9673
25.825   1.6360005e-04    9.5520
25.875   1.5225351e-04    9.0851
25.925   1.4510522e-04    9.8840
25.975   1.4187974e-04    9.0829
26.025   1.5765791e-04    9.8778
26.075   1.5061201e-04    10.6557
26.125   1.4679624e-04    9.8046
26.175   1.4289655e-04    10.0285
26.225   1.4236089e-04    9.5243
26.275   1.4584460e-04    9.5911
26.325   1.6291113e-04    10.0417
26.375   1.5374330e-04    9.9062
26.425   1.6373775e-04    10.5961
26.475   1.5859818e-04    9.6730
26.525   1.4875746e-04    9.8014
26.575   1.5747578e-04    10.5195
26.625   1.6349265e-04    10.3084
26.675   1.4906745e-04    9.4264
26.725   1.5185174e-04    9.4381
26.775   1.5298312e-04    9.1887
26.825   1.3241095e-04    9.9958
26.875   1.4449336e-04    9.8414
26.925   1.3820996e-04    10.4332
26.975   1.4027929e-04    9.6821
27.025   1.3069535e-04    9.4074
27.075   1.5095250e-04    11.0465
27.125   1.4752844e-04    10.2366
27.175   1.4137443e-04    9.5130
27.225   1.4646888e-04    10.2101
27.275   1.4730742e-04    10.2857
27.325   1.2847904e-04    9.1831
27.375   1.5663321e-04    10.8043
27.425   1.4628250e-04    10.5251
27.475   1.4487068e-04    9.9833
27.525   1.3783067e-04    11.3576
27.575   1.4564821e-04    10.1563
27.625   1.4843702e-04    10.6593
27.675   1.5934844e-04    11.4133
27.725   1.3859459e-04    10.2830
27.775   1.4524548e-04    11.2657
27.825   1.5579507e-04    10.5832
27.875   1.6207841e-04    11.1857
27.925   1.4996864e-04    9.5961
27.975   1.4677523e-04    10.4240
28.025   1.3156412e-04    10.7595
28.075   1.3923962e-04    10.8629
28.125   1.3375697e-04    10.4295
28.175   1.4004995e-04    10.2295
28.225   1.2904339e-04    10.1498
28.275   1.3679897e-04    10.2431
28.325   1.3098803e-04    11.4247
28.375   1.2573200e-04    10.8708
28.425   1.1578384e-04    10.6109
28.475   1.1849325e-04    11.1883
28.525   1.3282304e-04    10.8299
28.575   1.2839980e-04    10.3179
28.625   1.2603067e-04    11.0821
28.675   1.2718860e-04    12.1022
28.725   1.2006201e-04    10.5453
28.775   1.1391955e-04    10.4709
28.825   1.0490690e-04    10.5183
28.875   1.1000141e-04    11.1817
28.925   1.1574498e-04    10.8445
28.975   1.2269345e-04    12.2469
29.025   1.1697588e-04    10.6814
29.075   1.2894420e-04    12.0331
29.125   1.2007653e-04    11.5687
29.175   1.1372292e-04    11.9301
29.225   1.3414131e-04    11.5720
29.275   1.1802926e-04    11.1158
29.325   1.2500512e-04    11.8425
29.375   1.1915486e-04    11.8109
29.425   1.0966708e-04    11.3816
29.475   1.2376315e-04    11.1053
29.525   1.2361848e-04    11.4674
29.575   1.1157595e-04    11.5530
29.625   1.0743981e-04    11.2822
29.675   1.2283604e-04    12.4224
29.725   1.2327568e-04    11.8542
29.775   1.0303099e-04    11.6857
29.825   1.1217397e-04    11.1565
29.875   1.2081662e-04    12.0811
29.925   1.1521408e-04    11.1690
29.975   1.1908421e-04    10.7129
30.025   1.2170556e-04    11.1387
30.075   1.0942688e-04    11.9380
30.125   1.1095515e-04    12.4621
30.175   1.0572137e-04    13.2039
30.225   1.0928292e-04    13.2751
30.275   1.0441693e-04    13.6035
30.325   9.3553120e-05    10.8545
30.375   1.0204215e-04    13.1263
30.425   1.0571350e-04    13.2869
30.475   1.0444584e-04    11.9928
30.525   1.0290574e-04    12.4143
30.575   9.6908376e-05    13.0032
30.625   1.0258533e-04    12.8195
30.675   1.0232778e-04    12.9628
30.725   9.6126098e-05    13.3543
30.775   1.0668854e-04    12.6058
30.825   8.7069196e-05    11.6434
30.875   1.0686248e-04    13.9070
30.925   9.3173022e-05    11.7643
30.975   1.0364655e-04    12.8256
31.025   1.1160523e-04    11.3231
31.075   9.6344648e-05    11.5955
31.125   1.0066260e-04    11.6224
31.175   9.5234599e-05    13.0328
31.225   9.8322897e-05    12.2618
31.275   1.0194504e-04    13.2820
31.325   9.9851377e-05    14.6244
31.375   1.0015515e-04    12.7045
31.425   9.5525614e-05    12.1600
31.475   8.8074612e-05    11.2563
31.525   9.2588992e-05    11.5615
31.575   9.2996423e-05    11.4055
31.625   9.6921992e-05    11.7988
31.675   1.0103022e-04    11.4636
31.725   9.7625691e-05    11.9016
31.775   9.4713152e-05    12.1290
31.825   8.8075802e-05    10.7379
31.875   1.0163328e-04    14.5761
31.925   9.1035854e-05    12.4561
31.975   9.2545470e-05    12.6774
32.025   9.8288902e-05    11.9961
32.075   9.9210670e-05    12.6125
32.125   1.0504786e-04    13.4296
32.175   9.9379478e-05    14.3012
32.225   9.0003417e-05    13.1054
32.275   8.1851704e-05    14.4945
32.325   9.5516508e-05    13.2017
32.375   8.9670227e-05    12.8171
32.425   9.0807327e-05    14.9915
32.475   7.9984814e-05    13.1282
32.525   9.0349040e-05    14.7487
32.575   8.6632351e-05    12.6186
32.625   9.4347781e-05    15.5017
32.675   8.7024617e-05    12.0883
32.725   8.1030600e-05    12.2478
32.775   9.1938686e-05    13.4110
32.825   8.6293457e-05    11.9849
32.875   8.8033319e-05    14.1233
32.925   8.1195891e-05    13.0661
32.975   7.9895943e-05    13.3177
33.025   8.3759364e-05    13.7953
33.075   8.1843030e-05    13.5741
33.125   9.5682882e-05    14.1578
33.175   9.1498692e-05    13.3869
33.225   7.6144426e-05    13.4099
33.275   7.5125448e-05    12.8935
33.325   8.2418875e-05    13.4397
33.375   8.0926841e-05    13.4534
33.425   7.6288759e-05    12.7596
33.475   8.3923027e-05    13.3920
33.525   7.8976184e-05    12.8241
33.575   8.4914186e-05    12.7521
33.625   7.7299734e-05    13.4280
33.675   8.4262034e-05    15.3827
33.725   7.3900181e-05    12.7396
33.775   7.8954286e-05    13.0161
33.825   7.6221569e-05    13.0301
33.875   7.0250862e-05    13.6100
33.925   8.7929978e-05    13.6106
33.975   7.6430684e-05    13.9953
34.025   7.3917518e-05    12.8167
34.075   7.7776228e-05    12.6427
34.125   8.1703704e-05    15.1304
34.175   7.2958508e-05    13.6393
34.225   7.0097839e-05    14.1351
34.275   7.9251361e-05    15.5776
34.325   7.4376026e-05    15.9361
34.375   7.4165457e-05    15.4242
34.425   7.4557718e-05    14.3631
34.475   7.6345632e-05    16.5505
34.525   7.3135467e-05    14.4376
34.575   7.0489661e-05    14.5217
34.625   7.5021765e-05    17.0078
34.675   7.8129130e-05    15.0668
34.725   6.2504347e-05    13.9288
34.775   7.0749165e-05    14.4248
34.825   7.3641427e-05    14.7262
34.875   8.2763937e-05    16.6514
34.925   7.6804148e-05    14.6627
34.975   6.7500774e-05    17.5713
35.025   7.3238346e-05    15.0083
35.075   7.4255251e-05    14.4303
35.125   7.0851609e-05    15.4303
35.175   5.6340578e-05    13.7129
35.225   6.0406391e-05    14.3416
35.275   5.9983550e-05    13.5225
35.325   5.6829908e-05    14.0001
35.375   5.6300473e-05    14.4520
35.425   6.2013736e-05    15.5575
35.475   7.0413622e-05    16.0871
35.525   7.5280819e-05    14.2036
35.575   8.2976214e-05    15.0194
35.625   6.7826094e-05    13.7606
35.675   6.7106308e-05    16.2432
35.725   6.4575454e-05    15.5593
35.775   6.7578179e-05    16.6716
35.825   6.9200906e-05    15.5596
35.875   6.1397364e-05    14.5106
35.925   6.6133900e-05    13.7835
35.975   6.5192811e-05    17.0637
36.025   5.8737175e-05    14.6083
36.075   5.9798093e-05    13.7083
36.125   6.4959604e-05    15.5916
36.175   7.0436574e-05    15.8303
36.225   6.3192053e-05    14.1970
36.275   6.2656405e-05    14.3700
36.325   6.2809705e-05    14.9056
36.375   5.9688847e-05    15.3588
36.425   6.2908189e-05    16.0221
36.475   6.5146718e-05    15.9457
36.525   7.6540073e-05    17.8868
36.575   6.3748971e-05    16.4088
36.625   6.6012875e-05    15.2345
36.675   7.0696092e-05    13.6741
36.725   7.7305749e-05    15.8379
36.775   7.0751801e-05    14.2225
36.825   6.2679158e-05    15.0629
36.875   5.9898101e-05    14.9211
36.925   5.1180987e-05    13.1304
36.975   6.3199357e-05    16.4931
37.025   7.0679384e-05    14.6989
37.075   7.0150540e-05    14.0932
37.125   7.0722007e-05    17.7856
37.175   7.3069648e-05    14.9814
37.225   6.1588556e-05    14.7016
37.275   6.3409723e-05    14.5725
37.325   5.8917401e-05    16.8824
37.375   6.9834844e-05    16.0952
37.425   6.1007756e-05    17.0945
37.475   5.7519726e-05    13.8015
37.525   5.6420615e-05    14.6438
37.575   6.1503687e-05    16.8256
37.625   6.1035649e-05    19.2200
37.675   4.9799523e-05    15.2159
37.725   4.8810723e-05    14.8096
37.775   6.5874835e-05    16.6923
37.825   6.7276131e-05    14.9045
37.875   7.0929886e-05    16.4997
37.925   5.9649941e-05    17.8363
37.975   5.4127482e-05    17.3004
38.025   4.7865406e-05    16.7980
38.075   5.4463715e-05    17.2455
38.125   5.1513042e-05    18.1629
38.175   6.0967109e-05    17.4336
38.225   5.5794774e-05    15.5754
38.275   5.6072086e-05    14.8653
38.325   4.9659388e-05    14.5040
38.375   5.3140652e-05    16.5324
38.425   5.8758803e-05    16.2080
38.475   5.6171751e-05    16.9768
38.525   6.3177797e-05    20.4358
38.575   5.2164673e-05    15.3396
38.625   5.8457162e-05    17.0713
38.675   5.9837790e-05    15.5832
38.725   5.2247417e-05    16.5927
38.775   4.9061839e-05    16.9265
38.825   4.8007975e-05    15.8117
38.875   4.8675000e-05    14.5578
38.925   5.2661416e-05    18.4034
38.975   6.3349949e-05    17.9161
39.025   5.3109465e-05    16.5729
39.075   5.2695857e-05    17.3927
39.125   5.1385761e-05    15.5484
39.175   5.2838721e-05    16.5467
39.225   5.7234045e-05    15.8605
39.275   5.4902769e-05    17.4116
39.325   4.9463177e-05    15.0726
39.375   5.2311048e-05    16.6676
39.425   6.1694397e-05    17.3453
39.475   4.9405925e-05    16.2971
39.525   4.9703521e-05    15.1550
39.575   4.2650941e-05    14.0065
39.625   4.8594891e-05    14.9530
39.675   5.6470202e-05    17.8940
39.725   4.6186946e-05    14.5803
39.775   4.9525446e-05    15.2192
39.825   5.7285995e-05    16.1387
39.875   5.2998375e-05    17.5405
39.925   5.3077202e-05    18.4300
39.975   4.8057904e-05    19.3499
