SOBP group - Emax: 150 MeV - Width (X): 30%
Energy of the incident proton beam: 136.658 MeV
Depth (cm)  |  EnergyDeposit (a.u.)  |  Error (%)
0.025    1.8441608e-01    0.0865
0.075    1.8882776e-01    0.0862
0.125    1.8984609e-01    0.0898
0.175    1.9047412e-01    0.0901
0.225    1.9126278e-01    0.0906
0.275    1.9173691e-01    0.0899
0.325    1.9250899e-01    0.0938
0.375    1.9306012e-01    0.0931
0.425    1.9343599e-01    0.0907
0.475    1.9402711e-01    0.0910
0.525    1.9443366e-01    0.0905
0.575    1.9512532e-01    0.0934
0.625    1.9542512e-01    0.0921
0.675    1.9590240e-01    0.0922
0.725    1.9637795e-01    0.0897
0.775    1.9699503e-01    0.0930
0.825    1.9750380e-01    0.0927
0.875    1.9768922e-01    0.0901
0.925    1.9833722e-01    0.0924
0.975    1.9898897e-01    0.0933
1.025    1.9931935e-01    0.0933
1.075    1.9960718e-01    0.0927
1.125    2.0010765e-01    0.0925
1.175    2.0049919e-01    0.0913
1.225    2.0110125e-01    0.0930
1.275    2.0149040e-01    0.0924
1.325    2.0179781e-01    0.0919
1.375    2.0249856e-01    0.0959
1.425    2.0266244e-01    0.0932
1.475    2.0313734e-01    0.0937
1.525    2.0342888e-01    0.0917
1.575    2.0384743e-01    0.0934
1.625    2.0428148e-01    0.0925
1.675    2.0452775e-01    0.0910
1.725    2.0472519e-01    0.0893
1.775    2.0524248e-01    0.0920
1.825    2.0573958e-01    0.0921
1.875    2.0628911e-01    0.0931
1.925    2.0659929e-01    0.0928
1.975    2.0692884e-01    0.0916
2.025    2.0739972e-01    0.0927
2.075    2.0767464e-01    0.0911
2.125    2.0834841e-01    0.0914
2.175    2.0864749e-01    0.0911
2.225    2.0899567e-01    0.0909
2.275    2.0952007e-01    0.0919
2.325    2.0995906e-01    0.0921
2.375    2.1001176e-01    0.0888
2.425    2.1037798e-01    0.0891
2.475    2.1074335e-01    0.0885
2.525    2.1147422e-01    0.0911
2.575    2.1163667e-01    0.0903
2.625    2.1199596e-01    0.0900
2.675    2.1254109e-01    0.0915
2.725    2.1283677e-01    0.0891
2.775    2.1328885e-01    0.0909
2.825    2.1374311e-01    0.0906
2.875    2.1417023e-01    0.0901
2.925    2.1449728e-01    0.0902
2.975    2.1491097e-01    0.0895
3.025    2.1520210e-01    0.0885
3.075    2.1575798e-01    0.0894
3.125    2.1631069e-01    0.0922
3.175    2.1676282e-01    0.0903
3.225    2.1704449e-01    0.0887
3.275    2.1743901e-01    0.0885
3.325    2.1777834e-01    0.0870
3.375    2.1819596e-01    0.0882
3.425    2.1844423e-01    0.0873
3.475    2.1899585e-01    0.0890
3.525    2.1941270e-01    0.0878
3.575    2.1974508e-01    0.0866
3.625    2.2005823e-01    0.0857
3.675    2.2034086e-01    0.0840
3.725    2.2092346e-01    0.0870
3.775    2.2139176e-01    0.0860
3.825    2.2190979e-01    0.0871
3.875    2.2224578e-01    0.0868
3.925    2.2264780e-01    0.0866
3.975    2.2315700e-01    0.0879
4.025    2.2314409e-01    0.0833
4.075    2.2372770e-01    0.0853
4.125    2.2421159e-01    0.0853
4.175    2.2443898e-01    0.0834
4.225    2.2487063e-01    0.0840
4.275    2.2540005e-01    0.0845
4.325    2.2590754e-01    0.0853
4.375    2.2627899e-01    0.0841
4.425    2.2682027e-01    0.0842
4.475    2.2730993e-01    0.0848
4.525    2.2776084e-01    0.0839
4.575    2.2820054e-01    0.0841
4.625    2.2860537e-01    0.0830
4.675    2.2898268e-01    0.0830
4.725    2.2943546e-01    0.0824
4.775    2.2999160e-01    0.0835
4.825    2.3045669e-01    0.0825
4.875    2.3089887e-01    0.0822
4.925    2.3148141e-01    0.0828
4.975    2.3176474e-01    0.0820
5.025    2.3233628e-01    0.0824
5.075    2.3276087e-01    0.0824
5.125    2.3328118e-01    0.0808
5.175    2.3370515e-01    0.0816
5.225    2.3414595e-01    0.0815
5.275    2.3480141e-01    0.0821
5.325    2.3530154e-01    0.0812
5.375    2.3562972e-01    0.0806
5.425    2.3626922e-01    0.0803
5.475    2.3663321e-01    0.0802
5.525    2.3709050e-01    0.0809
5.575    2.3769977e-01    0.0812
5.625    2.3823785e-01    0.0810
5.675    2.3885780e-01    0.0825
5.725    2.3922187e-01    0.0792
5.775    2.3973949e-01    0.0803
5.825    2.4034082e-01    0.0800
5.875    2.4095586e-01    0.0812
5.925    2.4123758e-01    0.0787
5.975    2.4173438e-01    0.0775
6.025    2.4245802e-01    0.0804
6.075    2.4291980e-01    0.0782
6.125    2.4358672e-01    0.0793
6.175    2.4405812e-01    0.0785
6.225    2.4465561e-01    0.0779
6.275    2.4526267e-01    0.0776
6.325    2.4592627e-01    0.0783
6.375    2.4632062e-01    0.0778
6.425    2.4674465e-01    0.0764
6.475    2.4742572e-01    0.0769
6.525    2.4797460e-01    0.0760
6.575    2.4866112e-01    0.0778
6.625    2.4910736e-01    0.0760
6.675    2.5001282e-01    0.0779
6.725    2.5033526e-01    0.0757
6.775    2.5106024e-01    0.0748
6.825    2.5177380e-01    0.0765
6.875    2.5219554e-01    0.0748
6.925    2.5290354e-01    0.0752
6.975    2.5367604e-01    0.0758
7.025    2.5448415e-01    0.0759
7.075    2.5508875e-01    0.0750
7.125    2.5596542e-01    0.0761
7.175    2.5644392e-01    0.0747
7.225    2.5715393e-01    0.0743
7.275    2.5775858e-01    0.0743
7.325    2.5826075e-01    0.0721
7.375    2.5919518e-01    0.0740
7.425    2.6002241e-01    0.0748
7.475    2.6050642e-01    0.0726
7.525    2.6101892e-01    0.0708
7.575    2.6192541e-01    0.0718
7.625    2.6272868e-01    0.0727
7.675    2.6363744e-01    0.0736
7.725    2.6433201e-01    0.0732
7.775    2.6496801e-01    0.0714
7.825    2.6573317e-01    0.0715
7.875    2.6654165e-01    0.0714
7.925    2.6741787e-01    0.0713
7.975    2.6814312e-01    0.0710
8.025    2.6899769e-01    0.0712
8.075    2.6966976e-01    0.0710
8.125    2.7056152e-01    0.0706
8.175    2.7164393e-01    0.0704
8.225    2.7228353e-01    0.0697
8.275    2.7321197e-01    0.0701
8.325    2.7403506e-01    0.0694
8.375    2.7498916e-01    0.0699
8.425    2.7592355e-01    0.0693
8.475    2.7675441e-01    0.0680
8.525    2.7795022e-01    0.0697
8.575    2.7869714e-01    0.0685
8.625    2.7968594e-01    0.0676
8.675    2.8068946e-01    0.0672
8.725    2.8186815e-01    0.0688
8.775    2.8258975e-01    0.0676
8.825    2.8378425e-01    0.0678
8.875    2.8490602e-01    0.0684
8.925    2.8579452e-01    0.0667
8.975    2.8699518e-01    0.0671
9.025    2.8781292e-01    0.0651
9.075    2.8903028e-01    0.0654
9.125    2.9023047e-01    0.0659
9.175    2.9150397e-01    0.0661
9.225    2.9274782e-01    0.0655
9.275    2.9376353e-01    0.0642
9.325    2.9530854e-01    0.0657
9.375    2.9646958e-01    0.0653
9.425    2.9760857e-01    0.0642
9.475    2.9896077e-01    0.0649
9.525    3.0019432e-01    0.0637
9.575    3.0141662e-01    0.0636
9.625    3.0280255e-01    0.0638
9.675    3.0432010e-01    0.0634
9.725    3.0570269e-01    0.0628
9.775    3.0740634e-01    0.0639
9.825    3.0876521e-01    0.0631
9.875    3.1036664e-01    0.0634
9.925    3.1166647e-01    0.0619
9.975    3.1332992e-01    0.0620
10.025   3.1482951e-01    0.0610
10.075   3.1658170e-01    0.0615
10.125   3.1827619e-01    0.0612
10.175   3.2000991e-01    0.0611
10.225   3.2181987e-01    0.0607
10.275   3.2376770e-01    0.0610
10.325   3.2562390e-01    0.0608
10.375   3.2749220e-01    0.0601
10.425   3.2932445e-01    0.0595
10.475   3.3147237e-01    0.0605
10.525   3.3342592e-01    0.0589
10.575   3.3568050e-01    0.0594
10.625   3.3800728e-01    0.0598
10.675   3.4014108e-01    0.0597
10.725   3.4213196e-01    0.0577
10.775   3.4467637e-01    0.0574
10.825   3.4728554e-01    0.0582
10.875   3.4997906e-01    0.0583
10.925   3.5262316e-01    0.0577
10.975   3.5546147e-01    0.0574
11.025   3.5807660e-01    0.0567
11.075   3.6105158e-01    0.0563
11.125   3.6393629e-01    0.0557
11.175   3.6706986e-01    0.0559
11.225   3.7026314e-01    0.0556
11.275   3.7349357e-01    0.0554
11.325   3.7702004e-01    0.0552
11.375   3.8035713e-01    0.0547
11.425   3.8412783e-01    0.0549
11.475   3.8796601e-01    0.0552
11.525   3.9193526e-01    0.0547
11.575   3.9620703e-01    0.0550
11.625   4.0077787e-01    0.0555
11.675   4.0520765e-01    0.0552
11.725   4.0987079e-01    0.0551
11.775   4.1507075e-01    0.0556
11.825   4.1996516e-01    0.0549
11.875   4.2526119e-01    0.0547
11.925   4.3064363e-01    0.0537
11.975   4.3644302e-01    0.0534
12.025   4.4244257e-01    0.0526
12.075   4.4887530e-01    0.0521
12.125   4.5570774e-01    0.0512
12.175   4.6281425e-01    0.0505
12.225   4.7052154e-01    0.0499
12.275   4.7870333e-01    0.0491
12.325   4.8771964e-01    0.0490
12.375   4.9710452e-01    0.0484
12.425   5.0745634e-01    0.0482
12.475   5.1840969e-01    0.0475
12.525   5.3031467e-01    0.0472
12.575   5.4336838e-01    0.0469
12.625   5.5756278e-01    0.0467
12.675   5.7329019e-01    0.0467
12.725   5.9058491e-01    0.0467
12.775   6.0967597e-01    0.0465
12.825   6.3105993e-01    0.0466
12.875   6.5506311e-01    0.0466
12.925   6.8270092e-01    0.0469
12.975   7.1443343e-01    0.0472
13.025   7.5161897e-01    0.0478
13.075   7.9485459e-01    0.0489
13.125   8.4458604e-01    0.0503
13.175   8.9867502e-01    0.0524
13.225   9.5058017e-01    0.0552
13.275   9.8933303e-01    0.0589
13.325   1.0000000e+00    0.0641
13.375   9.6753863e-01    0.0716
13.425   8.8287858e-01    0.0825
13.475   7.4997007e-01    0.0981
13.525   5.8586893e-01    0.1204
13.575   4.1665290e-01    0.1525
13.625   2.6802701e-01    0.2000
13.675   1.5508390e-01    0.2726
13.725   8.0012334e-02    0.3883
13.775   3.6771155e-02    0.5817
13.825   1.5146571e-02    0.9091
13.875   5.8608941e-03    1.4843
13.925   2.3838824e-03    2.2705
13.975   1.2530196e-03    3.2454
14.025   9.2132312e-04    3.7269
14.075   8.7554867e-04    4.0473
14.125   8.7181533e-04    4.0006
14.175   8.8130128e-04    3.8619
14.225   8.4402951e-04    3.8867
14.275   8.2524601e-04    4.0583
14.325   8.7088270e-04    4.1256
14.375   8.2074936e-04    3.8727
14.425   8.4873367e-04    4.0809
14.475   8.0870104e-04    3.9489
14.525   8.4976890e-04    4.0639
14.575   8.1144944e-04    4.0683
14.625   7.9723775e-04    4.0849
14.675   7.8600681e-04    4.3035
14.725   7.4824935e-04    4.0956
14.775   7.7436139e-04    4.2516
14.825   7.8610176e-04    4.1856
14.875   7.6905722e-04    4.1539
14.925   7.3058851e-04    4.1006
14.975   7.3826753e-04    4.1604
15.025   7.4506083e-04    4.3193
15.075   7.3871421e-04    4.2948
15.125   7.4728900e-04    4.2644
15.175   7.4454469e-04    4.4518
15.225   7.0100815e-04    4.2030
15.275   7.3710934e-04    4.3942
15.325   7.3772747e-04    4.2430
15.375   7.2864089e-04    4.3346
15.425   7.2623285e-04    4.2935
15.475   7.1115852e-04    4.1432
15.525   7.1677624e-04    4.3048
15.575   6.9474442e-04    4.5195
15.625   6.7517978e-04    4.2969
15.675   6.8962858e-04    4.3608
15.725   6.8759925e-04    4.6006
15.775   6.9991545e-04    4.4445
15.825   7.0055602e-04    4.3895
15.875   6.7394956e-04    4.4472
15.925   6.7315009e-04    4.4124
15.975   6.8929868e-04    4.5287
16.025   6.6022139e-04    4.3903
16.075   6.6786512e-04    4.5099
16.125   6.8021215e-04    4.4193
16.175   6.6370543e-04    4.2235
16.225   6.8275779e-04    4.3776
16.275   7.0273293e-04    4.4300
16.325   6.6224425e-04    4.6196
16.375   6.5410935e-04    4.7050
16.425   6.5589263e-04    4.5578
16.475   6.2308062e-04    4.4435
16.525   6.0208518e-04    4.6925
16.575   6.2355628e-04    4.6218
16.625   5.9494113e-04    4.5211
16.675   5.9654966e-04    4.5937
16.725   6.3957880e-04    4.9001
16.775   5.7534899e-04    4.7354
16.825   5.9139837e-04    4.7767
16.875   5.8888640e-04    4.6815
16.925   5.9144345e-04    4.8699
16.975   5.8629600e-04    4.7926
17.025   5.9394628e-04    4.7709
17.075   6.2088856e-04    4.7278
17.125   5.9796262e-04    4.7485
17.175   5.6944878e-04    4.6364
17.225   5.6878505e-04    5.0418
17.275   5.7865428e-04    4.6916
17.325   5.8738617e-04    4.8601
17.375   5.7101379e-04    4.9704
17.425   5.4876426e-04    4.8416
17.475   5.5238539e-04    5.1677
17.525   5.5439158e-04    4.9751
17.575   5.4208321e-04    4.9957
17.625   5.5427662e-04    5.1385
17.675   5.2768233e-04    5.0221
17.725   5.3767575e-04    5.1424
17.775   5.1994677e-04    5.0866
17.825   5.1139208e-04    5.0237
17.875   5.1993325e-04    5.4119
17.925   5.1624215e-04    5.2219
17.975   5.0336233e-04    5.3260
18.025   5.1113181e-04    5.3654
18.075   5.0622985e-04    5.2696
18.125   4.9688034e-04    5.0739
18.175   4.9783518e-04    5.1587
18.225   5.2771206e-04    5.1003
18.275   4.9007031e-04    5.0763
18.325   5.1029946e-04    5.3133
18.375   5.3395274e-04    5.5426
18.425   4.7546200e-04    5.3155
18.475   4.9100560e-04    5.2880
18.525   5.2122261e-04    5.8691
18.575   4.8405209e-04    5.2812
18.625   4.7998751e-04    5.0690
18.675   4.8382246e-04    5.4800
18.725   4.8767699e-04    5.5788
18.775   4.6934462e-04    5.2842
18.825   4.6898892e-04    5.2444
18.875   4.7019776e-04    5.3111
18.925   4.8236634e-04    5.1770
18.975   4.9764567e-04    5.5232
19.025   4.7565965e-04    5.2306
19.075   4.6519699e-04    5.3953
19.125   4.5849173e-04    5.1433
19.175   4.8620944e-04    5.4958
19.225   4.6418378e-04    5.2096
19.275   4.8003729e-04    5.5469
19.325   4.6680052e-04    5.5823
19.375   4.4132994e-04    5.1091
19.425   4.8782981e-04    5.6851
19.475   4.9329498e-04    5.6272
19.525   4.5584234e-04    5.4481
19.575   4.5542214e-04    5.4368
19.625   4.5864280e-04    5.3751
19.675   4.0656776e-04    5.3658
19.725   4.2860845e-04    5.2356
19.775   4.6797369e-04    5.6567
19.825   4.6760271e-04    5.6952
19.875   4.5053296e-04    5.7127
19.925   4.3739608e-04    5.5441
19.975   4.2123432e-04    5.7862
20.025   4.2103048e-04    5.6306
20.075   4.1406404e-04    5.6500
20.125   4.0085520e-04    5.6048
20.175   4.1985394e-04    5.7203
20.225   3.9513650e-04    5.6981
20.275   4.1982268e-04    6.0457
20.325   4.0964706e-04    6.1004
20.375   4.0901799e-04    5.5947
20.425   4.0241272e-04    6.2281
20.475   3.9101751e-04    5.9844
20.525   3.9046108e-04    6.1480
20.575   4.0523702e-04    6.3546
20.625   4.0361480e-04    5.8804
20.675   3.8669304e-04    5.7251
20.725   3.7553346e-04    5.9192
20.775   3.7966459e-04    5.8401
20.825   3.8756771e-04    5.9818
20.875   3.9941967e-04    5.9200
20.925   3.9352289e-04    6.0637
20.975   4.0742585e-04    5.7944
21.025   3.9735000e-04    5.7893
21.075   3.7025215e-04    6.1140
21.125   3.9097601e-04    6.3441
21.175   3.6684154e-04    5.8631
21.225   3.6273243e-04    6.1583
21.275   3.6097192e-04    5.9952
21.325   3.5590717e-04    6.1026
21.375   3.7616733e-04    6.3173
21.425   3.6490433e-04    6.3584
21.475   3.5478182e-04    5.9811
21.525   3.5844809e-04    6.4364
21.575   3.8119945e-04    6.5455
21.625   3.5058664e-04    6.2628
21.675   3.6098417e-04    6.4923
21.725   3.7007934e-04    6.2494
21.775   3.6232470e-04    6.8921
21.825   3.7262298e-04    6.2357
21.875   3.7826308e-04    6.6253
21.925   3.7131258e-04    6.4609
21.975   3.7091164e-04    6.3441
22.025   3.4070824e-04    6.2887
22.075   3.5233151e-04    6.2595
22.125   3.3447694e-04    6.3321
22.175   3.2999143e-04    6.8457
22.225   3.3749171e-04    6.4880
22.275   3.4114819e-04    7.0088
22.325   3.2587955e-04    6.7155
22.375   3.3125933e-04    6.2771
22.425   3.3816374e-04    6.5995
22.475   3.4720198e-04    6.7833
22.525   3.3568958e-04    6.4811
22.575   3.3083142e-04    6.7982
22.625   3.1316890e-04    6.6490
22.675   3.2611987e-04    7.0604
22.725   3.3105324e-04    6.4843
22.775   3.0572042e-04    6.6683
22.825   3.0022576e-04    6.4605
22.875   2.9632590e-04    6.6678
22.925   3.0001280e-04    6.8236
22.975   2.9994618e-04    7.0212
23.025   3.0708140e-04    6.9819
23.075   3.1219378e-04    6.4042
23.125   3.0347823e-04    6.6844
23.175   3.0341587e-04    6.6763
23.225   3.0231959e-04    6.6198
23.275   3.0846570e-04    6.5411
23.325   2.9686561e-04    6.3978
23.375   3.0147286e-04    6.3885
23.425   3.0665705e-04    6.6384
23.475   3.1162858e-04    7.0692
23.525   3.1096078e-04    6.6398
23.575   2.7843993e-04    6.3918
23.625   3.0910239e-04    7.4628
23.675   2.9206010e-04    6.7375
23.725   2.9316935e-04    7.5702
23.775   2.9366417e-04    7.4911
23.825   2.8240619e-04    6.4472
23.875   2.7826812e-04    6.8470
23.925   2.7632793e-04    6.6413
23.975   2.7646014e-04    6.8405
24.025   2.6017281e-04    6.6686
24.075   2.9313284e-04    7.1816
24.125   2.7662976e-04    7.1315
24.175   2.7671032e-04    7.3089
24.225   2.7516225e-04    7.6208
24.275   2.6242628e-04    7.2289
24.325   2.4773015e-04    6.5409
24.375   2.7122553e-04    6.9399
24.425   2.8107902e-04    7.4777
24.475   2.7232566e-04    7.3819
24.525   2.7974505e-04    7.4814
24.575   2.6251104e-04    7.1771
24.625   2.7796998e-04    7.7831
24.675   2.7487749e-04    7.0847
24.725   2.6781385e-04    7.4064
24.775   2.4980095e-04    7.2496
24.825   2.6809733e-04    8.7568
24.875   2.3963462e-04    7.1902
24.925   2.5052561e-04    7.1094
24.975   2.6269964e-04    7.1617
25.025   2.6993576e-04    7.2444
25.075   2.6276725e-04    6.9118
25.125   2.6139334e-04    7.4335
25.175   2.5405921e-04    7.6755
25.225   2.4696356e-04    6.9975
25.275   2.6020802e-04    6.9400
25.325   2.8325885e-04    8.0592
25.375   2.6078142e-04    6.9055
25.425   2.8643342e-04    7.0001
25.475   2.6053401e-04    7.0290
25.525   2.3969810e-04    7.5601
25.575   2.2853989e-04    7.8857
25.625   2.4457252e-04    7.6533
25.675   2.6385785e-04    7.7542
25.725   2.5055105e-04    7.6746
25.775   2.2996371e-04    7.1972
25.825   2.4832178e-04    7.8585
25.875   2.2609273e-04    7.2415
25.925   2.4510950e-04    7.5329
25.975   2.4831651e-04    7.3400
26.025   2.2560108e-04    8.0277
26.075   2.3065978e-04    8.0065
26.125   2.2732734e-04    7.6846
26.175   2.3544360e-04    7.4187
26.225   2.2466942e-04    7.6104
26.275   2.4627010e-04    8.7439
26.325   2.2015302e-04    8.0303
26.375   2.1942909e-04    7.5762
26.425   2.1635232e-04    7.7982
26.475   2.2015140e-04    7.4861
26.525   2.3108707e-04    8.1390
26.575   2.2804125e-04    8.8434
26.625   2.1883737e-04    7.8233
26.675   2.0920745e-04    7.5869
26.725   2.1678427e-04    8.0799
26.775   2.1323018e-04    8.3121
26.825   2.2265651e-04    8.4621
26.875   2.2212573e-04    7.9273
26.925   2.0827871e-04    8.0777
26.975   2.0004049e-04    8.1713
27.025   2.3254239e-04    8.6796
27.075   2.0941163e-04    8.2790
27.125   2.1045846e-04    7.9564
27.175   1.9418246e-04    7.6232
27.225   2.1142963e-04    8.7137
27.275   2.2556527e-04    9.0834
27.325   2.0337670e-04    7.8369
27.375   2.0054186e-04    8.0550
27.425   2.0145233e-04    8.4541
27.475   2.1826547e-04    8.6363
27.525   2.1164276e-04    8.1365
27.575   2.0420275e-04    8.3077
27.625   1.9902752e-04    8.1508
27.675   1.9342888e-04    8.1049
27.725   2.0022296e-04    8.4525
27.775   1.9464608e-04    9.4824
27.825   2.0483751e-04    8.1899
27.875   2.1042532e-04    8.7889
27.925   1.9317666e-04    8.5414
27.975   1.9698039e-04    8.0247
28.025   2.1050579e-04    9.4763
28.075   1.9950826e-04    9.4934
28.125   1.9664339e-04    8.2541
28.175   2.1458528e-04    8.5322
28.225   2.0933940e-04    8.5105
28.275   1.8904844e-04    8.4417
28.325   1.9701018e-04    8.4861
28.375   1.9269178e-04    8.5736
28.425   2.0501005e-04    9.1134
28.475   1.9692477e-04    9.0904
28.525   1.8700509e-04    8.3425
28.575   1.8825071e-04    9.5824
28.625   1.7720177e-04    10.1099
28.675   1.7838594e-04    8.8838
28.725   1.6720138e-04    8.6107
28.775   1.7106749e-04    8.9005
28.825   1.6170252e-04    9.0551
28.875   1.6831638e-04    8.7541
28.925   1.6278564e-04    8.6501
28.975   1.7561827e-04    9.8846
29.025   1.5074515e-04    8.6147
29.075   1.6894005e-04    8.7594
29.125   1.8426626e-04    9.2155
29.175   1.8904191e-04    9.8946
29.225   1.5804197e-04    9.3795
29.275   1.5914827e-04    8.9759
29.325   1.7946635e-04    9.7817
29.375   1.6245745e-04    8.5685
29.425   1.7368128e-04    8.7493
29.475   1.7848919e-04    9.1136
29.525   1.6847240e-04    8.7069
29.575   1.8053516e-04    9.1996
29.625   1.7479300e-04    10.2003
29.675   1.8996703e-04    9.7750
29.725   1.6694447e-04    8.8738
29.775   1.7798027e-04    9.9581
29.825   1.4617438e-04    9.9581
29.875   1.5578721e-04    10.1014
29.925   1.5627637e-04    9.2106
29.975   1.5615900e-04    9.5077
30.025   1.5710054e-04    9.3264
30.075   1.5728920e-04    9.6429
30.125   1.7271457e-04    9.7538
30.175   1.5776701e-04    9.6566
30.225   1.3720776e-04    9.5016
30.275   1.4099895e-04    9.3008
30.325   1.4868174e-04    9.1125
30.375   1.4370315e-04    9.5667
30.425   1.4120640e-04    10.7660
30.475   1.5030265e-04    10.6069
30.525   1.4160587e-04    10.0412
30.575   1.4048561e-04    9.0081
30.625   1.5117894e-04    10.2508
30.675   1.5380507e-04    9.1600
30.725   1.6287388e-04    10.0868
30.775   1.4677141e-04    9.7416
30.825   1.3648598e-04    8.6814
30.875   1.5421166e-04    9.1682
30.925   1.3853844e-04    9.6252
30.975   1.5361329e-04    9.8725
31.025   1.4477697e-04    9.2248
31.075   1.5372309e-04    10.2149
31.125   1.5526043e-04    10.3647
31.175   1.3938791e-04    10.8713
31.225   1.3194085e-04    9.0191
31.275   1.4266381e-04    10.2279
31.325   1.3779801e-04    10.7206
31.375   1.3749357e-04    10.1455
31.425   1.3028631e-04    9.7068
31.475   1.3868866e-04    11.2205
31.525   1.4506206e-04    11.0006
31.575   1.5386916e-04    10.1450
31.625   1.3619837e-04    9.9842
31.675   1.4368317e-04    10.2903
31.725   1.3293436e-04    9.9622
31.775   1.3364230e-04    9.7959
31.825   1.3408815e-04    10.5175
31.875   1.4015677e-04    10.7265
31.925   1.3452285e-04    9.3829
31.975   1.4620777e-04    10.6517
32.025   1.3490682e-04    9.9095
32.075   1.2975787e-04    10.1142
32.125   1.1344097e-04    10.1780
32.175   1.3692705e-04    10.9986
32.225   1.3462836e-04    10.0029
32.275   1.4119297e-04    9.1050
32.325   1.4885380e-04    10.5746
32.375   1.3130789e-04    9.4867
32.425   1.3092371e-04    11.1417
32.475   1.3598763e-04    9.8984
32.525   1.3893811e-04    10.2440
32.575   1.4623672e-04    10.5698
32.625   1.3490095e-04    11.6169
32.675   1.2090928e-04    9.9699
32.725   1.2497773e-04    10.7778
32.775   1.2536267e-04    10.8033
32.825   1.3283112e-04    10.9235
32.875   1.2348440e-04    11.4371
32.925   1.0971676e-04    10.2300
32.975   1.1469631e-04    11.9092
33.025   1.1082507e-04    10.3222
33.075   1.2706415e-04    10.9779
33.125   1.2554712e-04    10.4800
33.175   1.2459571e-04    10.3738
33.225   1.2344879e-04    10.2220
33.275   1.3819443e-04    10.2162
33.325   1.3645922e-04    10.2021
33.375   1.2565031e-04    10.3204
33.425   1.2323363e-04    9.7287
33.475   1.2661929e-04    11.2463
33.525   1.1846775e-04    12.0999
33.575   1.1263720e-04    11.1668
33.625   1.1230202e-04    10.3773
33.675   1.1767512e-04    10.7209
33.725   1.0679716e-04    11.9627
33.775   1.2600446e-04    12.2133
33.825   1.2677927e-04    11.0102
33.875   1.4078413e-04    11.6391
33.925   1.2263895e-04    10.7754
33.975   1.2718431e-04    13.1936
34.025   1.1665221e-04    11.3977
34.075   1.1726470e-04    12.3200
34.125   1.4114375e-04    11.8057
34.175   1.1461842e-04    10.6480
34.225   1.2010588e-04    11.5710
34.275   1.1675970e-04    11.7766
34.325   1.1395054e-04    11.8092
34.375   1.1172095e-04    11.3489
34.425   1.0890248e-04    11.3150
34.475   1.1291349e-04    11.3670
34.525   1.2330328e-04    12.7147
34.575   1.1092720e-04    10.9989
34.625   1.0863548e-04    12.7438
34.675   9.5380410e-05    10.6022
34.725   1.1374553e-04    11.5851
34.775   1.1505347e-04    10.7403
34.825   1.0980370e-04    10.8670
34.875   1.0820445e-04    10.9901
34.925   1.1225817e-04    11.4072
34.975   1.0509112e-04    11.0639
35.025   1.0776346e-04    12.3233
35.075   7.9849758e-05    11.5818
35.125   8.7999583e-05    11.4865
35.175   8.7149235e-05    10.7904
35.225   8.2499995e-05    11.5089
35.275   9.9535869e-05    11.6946
35.325   8.8667429e-05    11.3819
35.375   9.8127962e-05    11.2873
35.425   9.7893086e-05    13.0619
35.475   9.2155425e-05    10.5695
35.525   1.0274682e-04    12.4949
35.575   9.9338421e-05    11.9223
35.625   1.0245806e-04    10.9612
35.675   1.0139902e-04    11.9165
35.725   9.6997445e-05    11.4056
35.775   8.5764028e-05    11.9226
35.825   9.1542714e-05    11.8793
35.875   1.0480675e-04    12.0160
35.925   1.0310627e-04    11.3194
35.975   9.7063958e-05    11.8383
36.025   9.7712418e-05    12.0250
36.075   1.0084302e-04    13.5141
36.125   1.0718640e-04    14.3996
36.175   1.0249690e-04    14.6254
36.225   9.6262283e-05    11.7830
36.275   8.7071799e-05    11.9015
36.325   9.0412698e-05    11.9890
36.375   9.6483016e-05    11.5338
36.425   9.9535617e-05    12.1999
36.475   9.2205901e-05    13.2856
36.525   9.4882660e-05    13.0533
36.575   8.8307875e-05    13.7901
36.625   9.5432845e-05    13.2093
36.675   8.8074503e-05    12.9282
36.725   9.6497741e-05    12.7310
36.775   8.4330984e-05    13.0636
36.825   7.1491112e-05    13.3365
36.875   9.6447714e-05    14.1577
36.925   8.8736741e-05    11.8156
36.975   9.3247984e-05    12.7345
37.025   8.9495542e-05    12.2601
37.075   8.6907645e-05    13.6634
37.125   7.4206077e-05    11.8483
37.175   8.9130919e-05    12.8800
37.225   8.1980650e-05    12.3596
37.275   8.8483465e-05    12.1627
37.325   9.1227689e-05    14.2090
37.375   9.0437734e-05    13.4288
37.425   8.1793210e-05    11.4686
37.475   7.8544255e-05    11.8461
37.525   8.1007612e-05    12.0148
37.575   7.9802107e-05    13.4122
37.625   8.7752950e-05    14.5042
37.675   9.3998520e-05    13.3039
37.725   8.7000436e-05    12.3507
37.775   8.3737644e-05    13.8869
37.825   8.3365314e-05    12.0846
37.875   8.2370205e-05    11.4802
37.925   9.9746711e-05    14.4272
37.975   9.2768259e-05    13.7875
38.025   8.0054335e-05    13.8031
38.075   7.9104724e-05    12.0841
38.125   7.5208316e-05    13.8710
38.175   8.3545421e-05    12.1008
38.225   8.7599155e-05    12.2523
38.275   8.5881491e-05    12.6386
38.325   9.6716062e-05    13.4538
38.375   8.7862470e-05    11.8813
38.425   9.3011305e-05    14.4225
38.475   7.8509505e-05    12.5901
38.525   8.6109623e-05    12.9190
38.575   8.4464850e-05    12.1154
38.625   8.6780907e-05    14.5012
38.675   8.1329155e-05    11.8831
38.725   7.7526057e-05    12.8277
38.775   8.2614070e-05    14.2591
38.825   7.9500181e-05    12.3763
38.875   8.6838104e-05    12.7041
38.925   8.0426268e-05    12.5718
38.975   7.7921619e-05    13.0186
39.025   8.1711151e-05    13.1463
39.075   8.1496300e-05    14.6478
39.125   7.7146466e-05    14.8665
39.175   6.5099709e-05    11.9367
39.225   7.2958663e-05    12.3867
39.275   7.1779586e-05    13.6881
39.325   6.8654617e-05    13.2054
39.375   6.9299182e-05    14.0216
39.425   6.2074076e-05    12.5628
39.475   7.0887339e-05    13.4850
39.525   6.8193610e-05    13.9798
39.575   6.6781225e-05    14.6855
39.625   7.4826997e-05    14.3572
39.675   6.2397750e-05    13.0714
39.725   7.8374473e-05    13.3061
39.775   6.8009640e-05    16.5303
39.825   7.1403075e-05    15.1250
39.875   6.8815635e-05    13.2011
39.925   7.8293515e-05    14.2442
39.975   6.9354326e-05    13.2523
