SOBP group - Emax: 150 MeV - Width (X): 30%
Energy of the incident proton beam: 122.317 MeV
Depth (cm)  |  EnergyDeposit (a.u.)  |  Error (%)
0.025    1.8050422e-01    0.0841
0.075    1.8448789e-01    0.0881
0.125    1.8530885e-01    0.0896
0.175    1.8619318e-01    0.0909
0.225    1.8703753e-01    0.0927
0.275    1.8744593e-01    0.0921
0.325    1.8817175e-01    0.0938
0.375    1.8866516e-01    0.0917
0.425    1.8917651e-01    0.0909
0.475    1.8982113e-01    0.0932
0.525    1.9035459e-01    0.0922
0.575    1.9103547e-01    0.0943
0.625    1.9136048e-01    0.0924
0.675    1.9196861e-01    0.0936
0.725    1.9263634e-01    0.0968
0.775    1.9306286e-01    0.0952
0.825    1.9348641e-01    0.0940
0.875    1.9395842e-01    0.0931
0.925    1.9455110e-01    0.0935
0.975    1.9504840e-01    0.0942
1.025    1.9555577e-01    0.0938
1.075    1.9590852e-01    0.0925
1.125    1.9642760e-01    0.0930
1.175    1.9686948e-01    0.0932
1.225    1.9734677e-01    0.0935
1.275    1.9780294e-01    0.0934
1.325    1.9825985e-01    0.0928
1.375    1.9871340e-01    0.0913
1.425    1.9931574e-01    0.0931
1.475    1.9970535e-01    0.0920
1.525    2.0018124e-01    0.0909
1.575    2.0066381e-01    0.0912
1.625    2.0093466e-01    0.0880
1.675    2.0138007e-01    0.0885
1.725    2.0199744e-01    0.0916
1.775    2.0256421e-01    0.0917
1.825    2.0314343e-01    0.0935
1.875    2.0367232e-01    0.0922
1.925    2.0385749e-01    0.0909
1.975    2.0445422e-01    0.0914
2.025    2.0480182e-01    0.0897
2.075    2.0536681e-01    0.0904
2.125    2.0582112e-01    0.0898
2.175    2.0627114e-01    0.0904
2.225    2.0692044e-01    0.0919
2.275    2.0736234e-01    0.0909
2.325    2.0779061e-01    0.0901
2.375    2.0807352e-01    0.0890
2.425    2.0843041e-01    0.0883
2.475    2.0910254e-01    0.0898
2.525    2.0962046e-01    0.0888
2.575    2.1005318e-01    0.0878
2.625    2.1058640e-01    0.0892
2.675    2.1097112e-01    0.0877
2.725    2.1163746e-01    0.0892
2.775    2.1224771e-01    0.0893
2.825    2.1276373e-01    0.0894
2.875    2.1301049e-01    0.0877
2.925    2.1366687e-01    0.0889
2.975    2.1413493e-01    0.0887
3.025    2.1457031e-01    0.0873
3.075    2.1510331e-01    0.0863
3.125    2.1567468e-01    0.0868
3.175    2.1626662e-01    0.0867
3.225    2.1654785e-01    0.0845
3.275    2.1730286e-01    0.0871
3.325    2.1761168e-01    0.0854
3.375    2.1814302e-01    0.0860
3.425    2.1877049e-01    0.0870
3.475    2.1920356e-01    0.0850
3.525    2.1958837e-01    0.0838
3.575    2.2007396e-01    0.0834
3.625    2.2070834e-01    0.0844
3.675    2.2129889e-01    0.0854
3.725    2.2195309e-01    0.0850
3.775    2.2248313e-01    0.0843
3.825    2.2284540e-01    0.0825
3.875    2.2361186e-01    0.0851
3.925    2.2417722e-01    0.0852
3.975    2.2445719e-01    0.0804
4.025    2.2510826e-01    0.0821
4.075    2.2574545e-01    0.0825
4.125    2.2628610e-01    0.0810
4.175    2.2688229e-01    0.0815
4.225    2.2752639e-01    0.0815
4.275    2.2799921e-01    0.0805
4.325    2.2887151e-01    0.0822
4.375    2.2945655e-01    0.0825
4.425    2.3000238e-01    0.0806
4.475    2.3090135e-01    0.0833
4.525    2.3144703e-01    0.0823
4.575    2.3187187e-01    0.0790
4.625    2.3265044e-01    0.0807
4.675    2.3311223e-01    0.0791
4.725    2.3388648e-01    0.0811
4.775    2.3459943e-01    0.0813
4.825    2.3542947e-01    0.0832
4.875    2.3583909e-01    0.0796
4.925    2.3659561e-01    0.0796
4.975    2.3704013e-01    0.0789
5.025    2.3766184e-01    0.0773
5.075    2.3840396e-01    0.0774
5.125    2.3930449e-01    0.0798
5.175    2.4002274e-01    0.0782
5.225    2.4066949e-01    0.0774
5.275    2.4144541e-01    0.0769
5.325    2.4217142e-01    0.0774
5.375    2.4286154e-01    0.0764
5.425    2.4349404e-01    0.0763
5.475    2.4419440e-01    0.0754
5.525    2.4516584e-01    0.0774
5.575    2.4590552e-01    0.0764
5.625    2.4678570e-01    0.0773
5.675    2.4743281e-01    0.0749
5.725    2.4838123e-01    0.0757
5.775    2.4923796e-01    0.0757
5.825    2.5001230e-01    0.0750
5.875    2.5069891e-01    0.0744
5.925    2.5160215e-01    0.0745
5.975    2.5249608e-01    0.0741
6.025    2.5345252e-01    0.0754
6.075    2.5429426e-01    0.0743
6.125    2.5523280e-01    0.0746
6.175    2.5598430e-01    0.0732
6.225    2.5689983e-01    0.0741
6.275    2.5786589e-01    0.0727
6.325    2.5871340e-01    0.0718
6.375    2.5974165e-01    0.0725
6.425    2.6062877e-01    0.0717
6.475    2.6162678e-01    0.0707
6.525    2.6268822e-01    0.0719
6.575    2.6372684e-01    0.0714
6.625    2.6482824e-01    0.0720
6.675    2.6594638e-01    0.0720
6.725    2.6689695e-01    0.0702
6.775    2.6775821e-01    0.0695
6.825    2.6907317e-01    0.0700
6.875    2.7031880e-01    0.0707
6.925    2.7145872e-01    0.0692
6.975    2.7261423e-01    0.0695
7.025    2.7376388e-01    0.0687
7.075    2.7495901e-01    0.0684
7.125    2.7613421e-01    0.0679
7.175    2.7750162e-01    0.0683
7.225    2.7881585e-01    0.0682
7.275    2.8009540e-01    0.0681
7.325    2.8133860e-01    0.0676
7.375    2.8283646e-01    0.0675
7.425    2.8433872e-01    0.0673
7.475    2.8566801e-01    0.0663
7.525    2.8707797e-01    0.0664
7.575    2.8847186e-01    0.0659
7.625    2.8994618e-01    0.0652
7.675    2.9153629e-01    0.0650
7.725    2.9324220e-01    0.0653
7.775    2.9497372e-01    0.0657
7.825    2.9656422e-01    0.0646
7.875    2.9824891e-01    0.0656
7.925    2.9991222e-01    0.0646
7.975    3.0170283e-01    0.0642
8.025    3.0348506e-01    0.0634
8.075    3.0538165e-01    0.0633
8.125    3.0739007e-01    0.0630
8.175    3.0916585e-01    0.0615
8.225    3.1132667e-01    0.0628
8.275    3.1348174e-01    0.0629
8.325    3.1565646e-01    0.0625
8.375    3.1792635e-01    0.0626
8.425    3.2021203e-01    0.0619
8.475    3.2247722e-01    0.0602
8.525    3.2504783e-01    0.0604
8.575    3.2767227e-01    0.0606
8.625    3.3030185e-01    0.0605
8.675    3.3301105e-01    0.0606
8.725    3.3567555e-01    0.0597
8.775    3.3837160e-01    0.0585
8.825    3.4147122e-01    0.0593
8.875    3.4458847e-01    0.0593
8.925    3.4766748e-01    0.0583
8.975    3.5081847e-01    0.0582
9.025    3.5418145e-01    0.0584
9.075    3.5763050e-01    0.0580
9.125    3.6136176e-01    0.0583
9.175    3.6535982e-01    0.0588
9.225    3.6936140e-01    0.0590
9.275    3.7357841e-01    0.0593
9.325    3.7802581e-01    0.0597
9.375    3.8225675e-01    0.0588
9.425    3.8686903e-01    0.0585
9.475    3.9168831e-01    0.0588
9.525    3.9652337e-01    0.0573
9.575    4.0163094e-01    0.0562
9.625    4.0723042e-01    0.0559
9.675    4.1321050e-01    0.0558
9.725    4.1908618e-01    0.0542
9.775    4.2548827e-01    0.0535
9.825    4.3249111e-01    0.0530
9.875    4.3987769e-01    0.0526
9.925    4.4788653e-01    0.0518
9.975    4.5649125e-01    0.0510
10.025   4.6554052e-01    0.0504
10.075   4.7536571e-01    0.0496
10.125   4.8608258e-01    0.0495
10.175   4.9759776e-01    0.0490
10.225   5.1034251e-01    0.0489
10.275   5.2417636e-01    0.0486
10.325   5.3931509e-01    0.0485
10.375   5.5621067e-01    0.0483
10.425   5.7510046e-01    0.0482
10.475   5.9607366e-01    0.0482
10.525   6.1982125e-01    0.0483
10.575   6.4698107e-01    0.0481
10.625   6.7883834e-01    0.0484
10.675   7.1638089e-01    0.0489
10.725   7.6175919e-01    0.0497
10.775   8.1621128e-01    0.0512
10.825   8.7988291e-01    0.0536
10.875   9.4463096e-01    0.0569
10.925   9.9318720e-01    0.0614
10.975   1.0000000e+00    0.0685
11.025   9.3970624e-01    0.0795
11.075   8.0363406e-01    0.0967
11.125   6.1281467e-01    0.1229
11.175   4.0973607e-01    0.1634
11.225   2.3572189e-01    0.2283
11.275   1.1566362e-01    0.3378
11.325   4.8297636e-02    0.5326
11.375   1.6968442e-02    0.9050
11.425   5.3719369e-03    1.6036
11.475   1.8558418e-03    2.7656
11.525   9.0715808e-04    4.0540
11.575   7.0891536e-04    4.4122
11.625   6.6202360e-04    4.6111
11.675   6.8134024e-04    4.6690
11.725   6.8225636e-04    4.7782
11.775   6.4718551e-04    4.8300
11.825   6.3608626e-04    4.4829
11.875   6.4916876e-04    4.6444
11.925   6.5596937e-04    4.7374
11.975   6.4955645e-04    4.7760
12.025   6.4001054e-04    4.6153
12.075   6.2563270e-04    4.9044
12.125   6.3260071e-04    4.9322
12.175   6.1991772e-04    4.7556
12.225   6.1372408e-04    4.9500
12.275   5.8954019e-04    4.7528
12.325   6.0601479e-04    4.6956
12.375   6.1019692e-04    4.8272
12.425   6.1130648e-04    5.0937
12.475   5.8420579e-04    4.7648
12.525   6.0725952e-04    5.0563
12.575   5.6915093e-04    5.1624
12.625   5.8332437e-04    4.9643
12.675   5.7952785e-04    4.8653
12.725   5.8316872e-04    5.0546
12.775   5.5460530e-04    5.0455
12.825   5.6516794e-04    5.0941
12.875   5.5452210e-04    5.0316
12.925   5.6114032e-04    5.1254
12.975   5.7127863e-04    4.9136
13.025   5.6712127e-04    4.9093
13.075   5.8052826e-04    5.2542
13.125   5.8375932e-04    5.2458
13.175   5.2662946e-04    5.0972
13.225   5.3382968e-04    5.3775
13.275   5.3062007e-04    5.2876
13.325   5.2732553e-04    5.2560
13.375   5.3066494e-04    5.5243
13.425   5.0853342e-04    5.6074
13.475   4.8802396e-04    5.1195
13.525   5.3067863e-04    5.4408
13.575   5.4120796e-04    5.2117
13.625   5.3894302e-04    5.5198
13.675   5.2004825e-04    5.3413
13.725   5.1574568e-04    5.3502
13.775   5.0831534e-04    5.3969
13.825   4.9209199e-04    5.6041
13.875   4.8611875e-04    5.5260
13.925   4.9317314e-04    6.1057
13.975   4.9337244e-04    5.2728
14.025   5.0443015e-04    5.8784
14.075   4.6141414e-04    5.4575
14.125   4.9335647e-04    5.6713
14.175   4.7535683e-04    5.6565
14.225   4.7197387e-04    5.2023
14.275   4.6773638e-04    5.5981
14.325   4.6770346e-04    5.3930
14.375   4.6000125e-04    5.6168
14.425   4.6658544e-04    5.4842
14.475   4.7602575e-04    5.5027
14.525   4.7734856e-04    6.2603
14.575   4.4861758e-04    5.4046
14.625   4.7166264e-04    5.4324
14.675   4.6636356e-04    5.9864
14.725   4.3219666e-04    5.7545
14.775   4.2323289e-04    5.5776
14.825   4.4309452e-04    5.6026
14.875   4.5142912e-04    5.7692
14.925   4.5274272e-04    5.9345
14.975   4.5857388e-04    6.1039
15.025   4.1603661e-04    6.0694
15.075   4.2793633e-04    5.6120
15.125   4.3200561e-04    5.8562
15.175   4.4094267e-04    5.8571
15.225   4.4499313e-04    5.7331
15.275   4.3195140e-04    5.9582
15.325   4.2857491e-04    5.8797
15.375   4.1890461e-04    5.9502
15.425   4.1518435e-04    6.1577
15.475   4.0283023e-04    6.1729
15.525   3.8461263e-04    5.8519
15.575   4.1917756e-04    6.1998
15.625   4.2395180e-04    6.3015
15.675   3.9482920e-04    6.5202
15.725   4.0696847e-04    6.3740
15.775   4.0719714e-04    6.2366
15.825   4.1052853e-04    6.2424
15.875   3.6623478e-04    6.1119
15.925   3.7937312e-04    6.6225
15.975   3.8565049e-04    6.5588
16.025   3.7091184e-04    6.4151
16.075   3.5884194e-04    6.1763
16.125   3.8595548e-04    6.2688
16.175   3.6799663e-04    6.1495
16.225   3.5671705e-04    6.1234
16.275   3.6389737e-04    6.3523
16.325   3.5609065e-04    6.4524
16.375   3.5214973e-04    6.2702
16.425   3.5800181e-04    6.4213
16.475   3.8296531e-04    6.7846
16.525   3.7202047e-04    6.0795
16.575   3.8400672e-04    6.4928
16.625   3.8471409e-04    6.5604
16.675   3.7681573e-04    6.6721
16.725   3.6921427e-04    6.1921
16.775   3.4734871e-04    6.1678
16.825   3.5571730e-04    6.3403
16.875   3.6135566e-04    6.4268
16.925   3.5448028e-04    6.5421
16.975   3.5572988e-04    6.7445
17.025   3.5214063e-04    6.6786
17.075   3.5673832e-04    6.8018
17.125   3.6568181e-04    7.0315
17.175   3.1735996e-04    6.5110
17.225   3.4476629e-04    6.6377
17.275   3.4073693e-04    6.5670
17.325   3.3976020e-04    6.6553
17.375   3.4380224e-04    6.5207
17.425   3.4745659e-04    6.7906
17.475   3.2949478e-04    6.5731
17.525   3.4072734e-04    7.3336
17.575   3.3867265e-04    7.3104
17.625   3.2690965e-04    7.0177
17.675   3.2744745e-04    6.8350
17.725   3.1017941e-04    6.8035
17.775   2.9289067e-04    6.9954
17.825   3.2023244e-04    7.2802
17.875   3.2037726e-04    6.7483
17.925   3.2318841e-04    7.2916
17.975   3.2405739e-04    7.0840
18.025   3.1024377e-04    7.0089
18.075   2.9840281e-04    6.8525
18.125   2.8867351e-04    6.7141
18.175   3.0989664e-04    6.9897
18.225   3.0403909e-04    7.3935
18.275   2.9929863e-04    7.1514
18.325   3.0636653e-04    7.7038
18.375   2.9823937e-04    6.7873
18.425   2.8883696e-04    7.0172
18.475   2.8240176e-04    7.0012
18.525   2.7365561e-04    7.3022
18.575   2.7120828e-04    7.4054
18.625   2.7048804e-04    7.0071
18.675   2.8381593e-04    7.0809
18.725   2.9264275e-04    7.8595
18.775   2.7142367e-04    7.3202
18.825   2.6341240e-04    7.7353
18.875   2.7366150e-04    7.4691
18.925   2.5102581e-04    7.7986
18.975   2.6619442e-04    7.8215
19.025   2.6758013e-04    7.3674
19.075   2.5710086e-04    7.6587
19.125   2.6908802e-04    8.1768
19.175   2.5083277e-04    7.1013
19.225   2.7392834e-04    8.1497
19.275   2.8051105e-04    7.3888
19.325   2.8232181e-04    7.7648
19.375   2.7539865e-04    7.7755
19.425   2.8038082e-04    7.6678
19.475   2.6922234e-04    7.5302
19.525   2.6100258e-04    7.6284
19.575   2.5882782e-04    7.9087
19.625   2.3697681e-04    7.3557
19.675   2.4753666e-04    8.2928
19.725   2.5100146e-04    7.9870
19.775   2.4668528e-04    8.9466
19.825   2.3620614e-04    7.7033
19.875   2.5449298e-04    8.4678
19.925   2.2974365e-04    7.8427
19.975   2.4213523e-04    7.7723
20.025   2.5065292e-04    7.9650
20.075   2.3108864e-04    7.7037
20.125   2.5558828e-04    7.5377
20.175   2.4308796e-04    7.7997
20.225   2.5063901e-04    8.4167
20.275   2.3275988e-04    7.6544
20.325   2.3497658e-04    7.7908
20.375   2.3200251e-04    7.8988
20.425   2.2756641e-04    8.1769
20.475   2.3456081e-04    7.6837
20.525   2.2444704e-04    7.5953
20.575   2.3960259e-04    8.1232
20.625   2.3286622e-04    8.1185
20.675   2.2055535e-04    8.3705
20.725   2.1196769e-04    7.6117
20.775   2.2862868e-04    8.0603
20.825   2.3287572e-04    8.3775
20.875   2.2678837e-04    8.0436
20.925   2.2475028e-04    7.9297
20.975   2.2126768e-04    8.8662
21.025   2.1346868e-04    8.4821
21.075   2.1483234e-04    8.5711
21.125   1.9695956e-04    8.3364
21.175   2.1074762e-04    8.4680
21.225   2.2876046e-04    9.0969
21.275   2.1138936e-04    8.5961
21.325   2.0515533e-04    8.7534
21.375   2.0684319e-04    8.8452
21.425   1.9094111e-04    8.6466
21.475   1.8893383e-04    8.7959
21.525   1.9686209e-04    8.7044
21.575   2.0029287e-04    8.5560
21.625   2.1293504e-04    8.8158
21.675   2.1584142e-04    8.6009
21.725   2.1177162e-04    8.7394
21.775   1.9838255e-04    8.8415
21.825   2.2386903e-04    8.9688
21.875   1.9567177e-04    8.0564
21.925   2.0411991e-04    8.5538
21.975   1.9634123e-04    7.9731
22.025   1.9795568e-04    8.5871
22.075   1.9403201e-04    8.8815
22.125   1.8918894e-04    9.2097
22.175   1.9173704e-04    8.9655
22.225   1.9811070e-04    8.5255
22.275   1.9013036e-04    8.6146
22.325   1.8199160e-04    8.3407
22.375   1.9201906e-04    8.9100
22.425   1.9157665e-04    8.6024
22.475   1.8777528e-04    8.3436
22.525   1.8055589e-04    8.5523
22.575   1.9046830e-04    9.3285
22.625   2.0122932e-04    9.4493
22.675   1.8527972e-04    8.8561
22.725   1.8276455e-04    8.5398
22.775   1.9646287e-04    8.5863
22.825   1.9151268e-04    8.9421
22.875   1.9013579e-04    8.9951
22.925   1.8039743e-04    8.4814
22.975   1.8443965e-04    9.2301
23.025   1.8196779e-04    9.6663
23.075   1.7569860e-04    9.5565
23.125   1.7713494e-04    9.6219
23.175   1.7361321e-04    9.5098
23.225   1.7901157e-04    8.8878
23.275   1.7732248e-04    9.0862
23.325   1.9246503e-04    9.2267
23.375   1.7607835e-04    8.9696
23.425   1.5929286e-04    9.2609
23.475   1.6203924e-04    9.3130
23.525   1.6766827e-04    8.9400
23.575   1.8250145e-04    10.0578
23.625   1.7089576e-04    9.8529
23.675   1.6556757e-04    9.2187
23.725   1.5611476e-04    9.0350
23.775   1.6779163e-04    10.0039
23.825   1.6525541e-04    9.5254
23.875   1.6886493e-04    9.4988
23.925   1.5480166e-04    9.5255
23.975   1.7015980e-04    9.3239
24.025   1.7476252e-04    10.8143
24.075   1.6351722e-04    9.9680
24.125   1.6984195e-04    10.2410
24.175   1.6740588e-04    10.0201
24.225   1.4507583e-04    9.0522
24.275   1.5462576e-04    9.9991
24.325   1.5544987e-04    10.1400
24.375   1.5441780e-04    10.6554
24.425   1.6115246e-04    9.6227
24.475   1.6905896e-04    10.0916
24.525   1.5123142e-04    10.0133
24.575   1.5626248e-04    11.0717
24.625   1.5965604e-04    11.8708
24.675   1.5370465e-04    10.0659
24.725   1.5342109e-04    9.8849
24.775   1.6457476e-04    10.3813
24.825   1.6538314e-04    11.0220
24.875   1.5475618e-04    9.8914
24.925   1.6397773e-04    10.1987
24.975   1.5209077e-04    10.1658
25.025   1.4262334e-04    11.5476
25.075   1.5048439e-04    11.1589
25.125   1.4583588e-04    10.3946
25.175   1.5339485e-04    10.4245
25.225   1.4719019e-04    11.4762
25.275   1.4364921e-04    10.0302
25.325   1.5478234e-04    10.6090
25.375   1.5339119e-04    10.3966
25.425   1.4121516e-04    9.9687
25.475   1.3136227e-04    11.4670
25.525   1.4428931e-04    10.8924
25.575   1.4584082e-04    10.5518
25.625   1.2985479e-04    10.3882
25.675   1.4283945e-04    10.7399
25.725   1.3345058e-04    10.2379
25.775   1.3721880e-04    10.6309
25.825   1.3544505e-04    10.1860
25.875   1.3133419e-04    10.0432
25.925   1.3296886e-04    10.1439
25.975   1.3160557e-04    10.2495
26.025   1.4688271e-04    10.5820
26.075   1.5018260e-04    12.2405
26.125   1.2696315e-04    10.1521
26.175   1.3584205e-04    10.0308
26.225   1.2945756e-04    10.4915
26.275   1.3122013e-04    11.2852
26.325   1.2623460e-04    10.4229
26.375   1.1969754e-04    11.0212
26.425   1.2432972e-04    10.2593
26.475   1.2188719e-04    10.0446
26.525   1.4507427e-04    11.4072
26.575   1.4591434e-04    10.6882
26.625   1.3005619e-04    10.9235
26.675   1.3199777e-04    10.8066
26.725   1.4188902e-04    10.8966
26.775   1.3407406e-04    11.0729
26.825   1.1494869e-04    11.4378
26.875   1.1664801e-04    10.8322
26.925   1.2252140e-04    13.1453
26.975   1.1497397e-04    11.4046
27.025   1.0864711e-04    10.7580
27.075   1.1714347e-04    10.7006
27.125   1.4550088e-04    13.0433
27.175   1.2727796e-04    11.5163
27.225   1.3024587e-04    12.8975
27.275   1.1106564e-04    11.8305
27.325   1.1742507e-04    11.2519
27.375   1.1855725e-04    11.0213
27.425   1.1705524e-04    10.8014
27.475   1.2126704e-04    11.1429
27.525   1.1178540e-04    12.4415
27.575   1.1657427e-04    11.9966
27.625   1.1942534e-04    11.6907
27.675   1.1669886e-04    11.4309
27.725   1.0361522e-04    10.9972
27.775   1.1200686e-04    12.7883
27.825   1.1030764e-04    11.7320
27.875   1.0549436e-04    11.4840
27.925   1.1135496e-04    13.2853
27.975   1.0017534e-04    14.6404
28.025   9.9204075e-05    12.2717
28.075   9.8514023e-05    12.0841
28.125   9.9318487e-05    12.4254
28.175   1.1009620e-04    13.0760
28.225   1.0486180e-04    11.5716
28.275   1.0227538e-04    12.2912
28.325   9.4086490e-05    11.2984
28.375   1.0337331e-04    12.2711
28.425   9.9544596e-05    11.9660
28.475   9.3548416e-05    12.4204
28.525   1.1155864e-04    11.9433
28.575   9.9674183e-05    11.1834
28.625   1.1185970e-04    11.6398
28.675   1.0390686e-04    12.2936
28.725   9.5175460e-05    11.4656
28.775   9.4324362e-05    11.5695
28.825   1.0333155e-04    12.9385
28.875   1.0385392e-04    12.6762
28.925   1.0258663e-04    12.9387
28.975   1.0009962e-04    11.4686
29.025   1.0496554e-04    12.2930
29.075   1.0043425e-04    12.1670
29.125   1.0087443e-04    12.3116
29.175   8.7869326e-05    11.1958
29.225   9.4557074e-05    12.1439
29.275   9.9821845e-05    12.3029
29.325   1.0464379e-04    13.6118
29.375   9.6522629e-05    11.7753
29.425   1.0929876e-04    12.6403
29.475   8.2722131e-05    11.2763
29.525   1.0138537e-04    11.7176
29.575   9.9308170e-05    11.7067
29.625   9.7220509e-05    13.0966
29.675   9.3546238e-05    12.3319
29.725   1.1243519e-04    14.0496
29.775   1.0822310e-04    12.6077
29.825   9.1501757e-05    13.1130
29.875   9.7885816e-05    13.5179
29.925   8.4122675e-05    12.0057
29.975   9.9508948e-05    15.3073
30.025   9.0989377e-05    13.4541
30.075   8.5164680e-05    11.8583
30.125   8.9671635e-05    13.2653
30.175   8.9571902e-05    13.0137
30.225   9.0005765e-05    13.9036
30.275   9.2102525e-05    12.6624
30.325   7.6259515e-05    12.6493
30.375   8.8327049e-05    12.5720
30.425   8.5129667e-05    11.6501
30.475   8.8654713e-05    13.3914
30.525   9.5861548e-05    12.8074
30.575   8.8665111e-05    13.7188
30.625   9.2672657e-05    13.5096
30.675   8.2428893e-05    12.6145
30.725   8.6704193e-05    13.6781
30.775   8.6699052e-05    13.2579
30.825   9.1299098e-05    13.7193
30.875   9.0134355e-05    15.8875
30.925   8.5141451e-05    12.2946
30.975   7.3719464e-05    12.7808
31.025   8.2066902e-05    13.0646
31.075   9.2574499e-05    14.1465
31.125   8.6562176e-05    12.4207
31.175   9.2521182e-05    13.6725
31.225   8.9015816e-05    12.5112
31.275   9.7795506e-05    16.4304
31.325   8.2271974e-05    14.0779
31.375   9.3129304e-05    14.0560
31.425   8.0377133e-05    13.2431
31.475   7.7044943e-05    14.2810
31.525   7.8422955e-05    12.8637
31.575   7.9639670e-05    15.4515
31.625   8.4995554e-05    14.2854
31.675   8.9407775e-05    12.5075
31.725   8.8059994e-05    12.6443
31.775   7.6238948e-05    12.6927
31.825   8.2237611e-05    13.9625
31.875   8.3511646e-05    12.6327
31.925   7.9463782e-05    15.0574
31.975   7.8707012e-05    13.7062
32.025   8.5183032e-05    13.2368
32.075   8.8846260e-05    14.3331
32.125   7.9686380e-05    12.9595
32.175   7.4973540e-05    14.5742
32.225   6.9016170e-05    13.7016
32.275   7.5717013e-05    15.0887
32.325   7.1638026e-05    12.8532
32.375   7.5241224e-05    13.9100
32.425   8.6726236e-05    15.1493
32.475   7.4889067e-05    14.1371
32.525   8.2808308e-05    14.0271
32.575   6.8590659e-05    14.4665
32.625   6.9252379e-05    13.8470
32.675   6.8508062e-05    14.2176
32.725   7.5381294e-05    13.6926
32.775   7.9871302e-05    13.9524
32.825   7.4441725e-05    13.5122
32.875   7.1413438e-05    13.5622
32.925   7.7215604e-05    14.1089
32.975   7.6538057e-05    14.9415
33.025   6.3005622e-05    12.8917
33.075   6.4884702e-05    13.2139
33.125   6.4070404e-05    13.0886
33.175   6.9415306e-05    13.5276
33.225   6.2588732e-05    14.2194
33.275   6.6301157e-05    14.4809
33.325   6.0277300e-05    13.7808
33.375   6.6514001e-05    17.6069
33.425   5.8706962e-05    16.3754
33.475   6.5642206e-05    14.2581
33.525   6.1947907e-05    15.0752
33.575   6.9485735e-05    15.5841
33.625   5.8098617e-05    13.6784
33.675   6.6059716e-05    15.2456
33.725   7.1167972e-05    15.8464
33.775   6.9183895e-05    14.8639
33.825   6.6053035e-05    14.7702
33.875   6.3540792e-05    15.4122
33.925   6.7556230e-05    17.3862
33.975   6.5386318e-05    14.3674
34.025   5.6209404e-05    14.5644
34.075   6.1461363e-05    13.9455
34.125   6.6158256e-05    18.3997
34.175   6.9229701e-05    18.8659
34.225   6.4635967e-05    16.7930
34.275   6.3853338e-05    14.3831
34.325   5.7801767e-05    14.6449
34.375   6.6359208e-05    18.3621
34.425   6.6500997e-05    14.6139
34.475   8.2495141e-05    14.7359
34.525   7.5520007e-05    13.9846
34.575   6.8540190e-05    16.2456
34.625   6.8673452e-05    14.8379
34.675   6.8352886e-05    16.0107
34.725   5.8971026e-05    14.1899
34.775   5.9786236e-05    15.5464
34.825   5.8771944e-05    15.0055
34.875   6.1416232e-05    14.3198
34.925   6.7601396e-05    15.3824
34.975   6.0325344e-05    17.8633
35.025   5.6237824e-05    14.9256
35.075   6.6419919e-05    15.2828
35.125   5.8367743e-05    15.6473
35.175   5.2280514e-05    15.3206
35.225   5.7764496e-05    15.9008
35.275   5.1922712e-05    15.7533
35.325   6.0651605e-05    18.1739
35.375   5.5415493e-05    15.9384
35.425   6.1529755e-05    17.0144
35.475   5.6568481e-05    14.4955
35.525   6.1028101e-05    16.3976
35.575   5.1176478e-05    15.9571
35.625   4.9966642e-05    16.4776
35.675   4.9195836e-05    14.9149
35.725   5.3264371e-05    16.6878
35.775   6.5652231e-05    16.0289
35.825   6.9624648e-05    17.7392
35.875   5.8153343e-05    17.2381
35.925   5.3139828e-05    18.4769
35.975   5.2351051e-05    18.5324
36.025   5.0532287e-05    19.2254
36.075   5.0085751e-05    16.1606
36.125   5.9641837e-05    17.2632
36.175   5.8875097e-05    18.5869
36.225   4.6235582e-05    18.0713
36.275   4.4451817e-05    18.4797
36.325   5.2192094e-05    18.4802
36.375   5.2006234e-05    17.8546
36.425   4.8123574e-05    17.5060
36.475   5.0568180e-05    17.8213
36.525   5.2680200e-05    15.8732
36.575   5.8347347e-05    18.2067
36.625   5.4300558e-05    16.4460
36.675   5.6687639e-05    16.0021
36.725   5.1210290e-05    14.8082
36.775   4.4671744e-05    15.0861
36.825   4.9695465e-05    15.2934
36.875   5.4153930e-05    21.1943
36.925   4.9156168e-05    14.8756
36.975   5.2768393e-05    15.0096
37.025   5.2263540e-05    15.0428
37.075   5.0353146e-05    15.5845
37.125   5.2607198e-05    14.9926
37.175   5.8109400e-05    17.8808
37.225   5.3058260e-05    16.1599
37.275   5.3057648e-05    15.9641
37.325   5.7490430e-05    15.9009
37.375   5.6595620e-05    19.1470
37.425   5.2669856e-05    17.4269
37.475   5.1118586e-05    16.4328
37.525   4.3960583e-05    18.3835
37.575   4.0173660e-05    18.0880
37.625   4.2096504e-05    16.3633
37.675   4.7558156e-05    17.0253
37.725   4.3953655e-05    15.9532
37.775   3.9467419e-05    20.0344
37.825   4.2662287e-05    17.5223
37.875   5.4681476e-05    17.4106
37.925   5.2686282e-05    17.5653
37.975   3.9085686e-05    17.6762
38.025   4.7432890e-05    17.0547
38.075   4.1321924e-05    17.3491
38.125   4.3746457e-05    17.2062
38.175   4.9831290e-05    19.6997
38.225   4.9044540e-05    20.1004
38.275   4.3452545e-05    17.6479
38.325   5.0070484e-05    23.8152
38.375   3.7357386e-05    18.8298
38.425   3.8479938e-05    21.1953
38.475   3.9333428e-05    19.1422
38.525   3.8278636e-05    18.3906
38.575   4.1286204e-05    23.5395
38.625   2.7409057e-05    18.7563
38.675   3.3464033e-05    19.4996
38.725   3.3648853e-05    17.2379
38.775   4.1716243e-05    17.8103
38.825   4.0969001e-05    17.5536
38.875   5.6249663e-05    19.3587
38.925   4.6765391e-05    16.9868
38.975   3.9514968e-05    17.3719
39.025   4.4834861e-05    16.8847
39.075   3.9709600e-05    16.7288
39.125   3.6423477e-05    19.5861
39.175   3.9462968e-05    18.2227
39.225   4.5842073e-05    21.8809
39.275   3.9459853e-05    17.6439
39.325   4.2390819e-05    19.3184
39.375   4.1432837e-05    18.7477
39.425   4.0191021e-05    17.7072
39.475   3.8912686e-05    18.6361
39.525   4.3519350e-05    22.0834
39.575   3.9214166e-05    21.2514
39.625   4.1563525e-05    18.2478
39.675   4.2324101e-05    18.3471
39.725   3.5228574e-05    17.7677
39.775   3.7458668e-05    18.8486
39.825   4.4662782e-05    23.6988
39.875   4.1557720e-05    22.2577
39.925   3.5777117e-05    18.9709
39.975   3.2009011e-05    17.1902
