SOBP group - Emax: 150 MeV - Width (X): 30%
Energy of the incident proton beam: 129.821 MeV
Depth (cm)  |  EnergyDeposit (a.u.)  |  Error (%)
0.025    1.8203405e-01    0.0844
0.075    1.8624431e-01    0.0874
0.125    1.8711326e-01    0.0891
0.175    1.8777710e-01    0.0898
0.225    1.8858041e-01    0.0912
0.275    1.8909246e-01    0.0915
0.325    1.8994091e-01    0.0941
0.375    1.9058268e-01    0.0947
0.425    1.9089530e-01    0.0917
0.475    1.9149632e-01    0.0934
0.525    1.9193868e-01    0.0914
0.575    1.9254915e-01    0.0949
0.625    1.9294472e-01    0.0932
0.675    1.9349157e-01    0.0929
0.725    1.9398430e-01    0.0938
0.775    1.9443084e-01    0.0922
0.825    1.9485474e-01    0.0931
0.875    1.9528531e-01    0.0923
0.925    1.9598243e-01    0.0943
0.975    1.9616755e-01    0.0904
1.025    1.9689009e-01    0.0932
1.075    1.9719003e-01    0.0926
1.125    1.9766491e-01    0.0931
1.175    1.9801926e-01    0.0909
1.225    1.9865829e-01    0.0928
1.275    1.9906163e-01    0.0922
1.325    1.9957964e-01    0.0942
1.375    1.9994181e-01    0.0925
1.425    2.0043826e-01    0.0936
1.475    2.0086420e-01    0.0934
1.525    2.0120228e-01    0.0918
1.575    2.0157339e-01    0.0905
1.625    2.0204187e-01    0.0926
1.675    2.0236079e-01    0.0909
1.725    2.0275054e-01    0.0908
1.775    2.0326035e-01    0.0902
1.825    2.0379956e-01    0.0918
1.875    2.0440950e-01    0.0932
1.925    2.0461210e-01    0.0908
1.975    2.0507811e-01    0.0910
2.025    2.0548137e-01    0.0907
2.075    2.0604556e-01    0.0912
2.125    2.0655295e-01    0.0929
2.175    2.0682850e-01    0.0904
2.225    2.0723961e-01    0.0906
2.275    2.0771523e-01    0.0909
2.325    2.0821601e-01    0.0920
2.375    2.0850872e-01    0.0899
2.425    2.0877745e-01    0.0895
2.475    2.0917272e-01    0.0891
2.525    2.0964394e-01    0.0886
2.575    2.1002605e-01    0.0886
2.625    2.1044409e-01    0.0886
2.675    2.1096022e-01    0.0893
2.725    2.1136469e-01    0.0894
2.775    2.1199988e-01    0.0905
2.825    2.1243418e-01    0.0898
2.875    2.1287646e-01    0.0895
2.925    2.1331840e-01    0.0890
2.975    2.1374901e-01    0.0888
3.025    2.1427055e-01    0.0916
3.075    2.1459248e-01    0.0888
3.125    2.1509952e-01    0.0890
3.175    2.1545151e-01    0.0878
3.225    2.1581283e-01    0.0870
3.275    2.1628149e-01    0.0873
3.325    2.1682849e-01    0.0883
3.375    2.1724195e-01    0.0876
3.425    2.1765614e-01    0.0874
3.475    2.1833057e-01    0.0900
3.525    2.1857202e-01    0.0853
3.575    2.1884414e-01    0.0849
3.625    2.1952550e-01    0.0870
3.675    2.1985548e-01    0.0855
3.725    2.2040456e-01    0.0851
3.775    2.2092671e-01    0.0850
3.825    2.2133933e-01    0.0850
3.875    2.2185256e-01    0.0851
3.925    2.2251336e-01    0.0875
3.975    2.2278598e-01    0.0844
4.025    2.2316667e-01    0.0845
4.075    2.2380459e-01    0.0873
4.125    2.2412974e-01    0.0847
4.175    2.2461376e-01    0.0848
4.225    2.2511497e-01    0.0837
4.275    2.2558852e-01    0.0842
4.325    2.2599562e-01    0.0826
4.375    2.2663110e-01    0.0838
4.425    2.2715568e-01    0.0842
4.475    2.2773055e-01    0.0831
4.525    2.2820649e-01    0.0834
4.575    2.2872325e-01    0.0827
4.625    2.2924080e-01    0.0821
4.675    2.2987514e-01    0.0839
4.725    2.3027731e-01    0.0823
4.775    2.3070624e-01    0.0817
4.825    2.3142123e-01    0.0830
4.875    2.3195290e-01    0.0816
4.925    2.3241864e-01    0.0812
4.975    2.3289289e-01    0.0805
5.025    2.3347715e-01    0.0809
5.075    2.3406428e-01    0.0815
5.125    2.3457250e-01    0.0806
5.175    2.3515186e-01    0.0796
5.225    2.3573444e-01    0.0799
5.275    2.3643484e-01    0.0810
5.325    2.3699573e-01    0.0800
5.375    2.3777831e-01    0.0816
5.425    2.3830539e-01    0.0811
5.475    2.3881890e-01    0.0803
5.525    2.3927726e-01    0.0788
5.575    2.3990308e-01    0.0790
5.625    2.4059063e-01    0.0791
5.675    2.4114475e-01    0.0777
5.725    2.4199163e-01    0.0788
5.775    2.4248038e-01    0.0778
5.825    2.4314066e-01    0.0774
5.875    2.4364184e-01    0.0759
5.925    2.4433299e-01    0.0767
5.975    2.4497968e-01    0.0767
6.025    2.4573628e-01    0.0781
6.075    2.4634529e-01    0.0770
6.125    2.4702153e-01    0.0764
6.175    2.4769903e-01    0.0763
6.225    2.4869538e-01    0.0782
6.275    2.4913420e-01    0.0763
6.325    2.4983927e-01    0.0756
6.375    2.5064589e-01    0.0752
6.425    2.5123043e-01    0.0755
6.475    2.5199232e-01    0.0757
6.525    2.5260036e-01    0.0747
6.575    2.5331091e-01    0.0731
6.625    2.5419672e-01    0.0742
6.675    2.5500220e-01    0.0736
6.725    2.5597002e-01    0.0743
6.775    2.5666106e-01    0.0736
6.825    2.5735638e-01    0.0726
6.875    2.5811850e-01    0.0738
6.925    2.5900297e-01    0.0725
6.975    2.5978477e-01    0.0721
7.025    2.6090596e-01    0.0749
7.075    2.6143666e-01    0.0713
7.125    2.6238287e-01    0.0714
7.175    2.6315356e-01    0.0716
7.225    2.6387896e-01    0.0692
7.275    2.6494534e-01    0.0713
7.325    2.6591740e-01    0.0713
7.375    2.6676563e-01    0.0708
7.425    2.6764509e-01    0.0703
7.475    2.6852970e-01    0.0701
7.525    2.6966050e-01    0.0711
7.575    2.7070653e-01    0.0704
7.625    2.7169679e-01    0.0699
7.675    2.7261017e-01    0.0691
7.725    2.7375535e-01    0.0694
7.775    2.7480261e-01    0.0693
7.825    2.7574976e-01    0.0684
7.875    2.7688805e-01    0.0685
7.925    2.7806325e-01    0.0691
7.975    2.7905208e-01    0.0675
8.025    2.8014656e-01    0.0676
8.075    2.8139575e-01    0.0681
8.125    2.8251297e-01    0.0670
8.175    2.8356460e-01    0.0656
8.225    2.8500816e-01    0.0674
8.275    2.8619154e-01    0.0664
8.325    2.8761026e-01    0.0675
8.375    2.8867501e-01    0.0658
8.425    2.9009153e-01    0.0663
8.475    2.9120351e-01    0.0650
8.525    2.9274120e-01    0.0661
8.575    2.9414286e-01    0.0658
8.625    2.9554290e-01    0.0647
8.675    2.9699365e-01    0.0644
8.725    2.9824985e-01    0.0632
8.775    2.9996947e-01    0.0642
8.825    3.0163080e-01    0.0643
8.875    3.0293921e-01    0.0625
8.925    3.0459022e-01    0.0633
8.975    3.0615936e-01    0.0623
9.025    3.0810883e-01    0.0637
9.075    3.0976549e-01    0.0625
9.125    3.1150944e-01    0.0622
9.175    3.1337773e-01    0.0622
9.225    3.1540604e-01    0.0626
9.275    3.1725383e-01    0.0619
9.325    3.1914258e-01    0.0617
9.375    3.2100195e-01    0.0607
9.425    3.2306277e-01    0.0607
9.475    3.2525602e-01    0.0605
9.525    3.2748340e-01    0.0608
9.575    3.2973473e-01    0.0603
9.625    3.3211445e-01    0.0599
9.675    3.3458956e-01    0.0596
9.725    3.3713797e-01    0.0589
9.775    3.3980531e-01    0.0585
9.825    3.4254655e-01    0.0587
9.875    3.4535676e-01    0.0588
9.925    3.4822327e-01    0.0580
9.975    3.5109154e-01    0.0578
10.025   3.5405819e-01    0.0576
10.075   3.5709762e-01    0.0575
10.125   3.6018197e-01    0.0569
10.175   3.6352623e-01    0.0571
10.225   3.6682620e-01    0.0566
10.275   3.7032078e-01    0.0561
10.325   3.7433430e-01    0.0571
10.375   3.7816647e-01    0.0572
10.425   3.8224932e-01    0.0570
10.475   3.8638805e-01    0.0568
10.525   3.9098700e-01    0.0576
10.575   3.9564694e-01    0.0574
10.625   4.0044432e-01    0.0575
10.675   4.0523663e-01    0.0572
10.725   4.1014906e-01    0.0562
10.775   4.1560876e-01    0.0560
10.825   4.2117762e-01    0.0548
10.875   4.2695473e-01    0.0542
10.925   4.3301056e-01    0.0532
10.975   4.3960828e-01    0.0523
11.025   4.4658269e-01    0.0515
11.075   4.5415215e-01    0.0511
11.125   4.6221617e-01    0.0505
11.175   4.7082286e-01    0.0501
11.225   4.7997613e-01    0.0494
11.275   4.8994291e-01    0.0489
11.325   5.0081320e-01    0.0489
11.375   5.1235338e-01    0.0481
11.425   5.2498676e-01    0.0477
11.475   5.3877955e-01    0.0474
11.525   5.5429897e-01    0.0476
11.575   5.7072614e-01    0.0471
11.625   5.8974847e-01    0.0475
11.675   6.1051526e-01    0.0473
11.725   6.3404812e-01    0.0473
11.775   6.6104289e-01    0.0475
11.825   6.9208896e-01    0.0478
11.875   7.2864596e-01    0.0483
11.925   7.7193548e-01    0.0492
11.975   8.2343494e-01    0.0508
12.025   8.8066002e-01    0.0528
12.075   9.3904651e-01    0.0556
12.125   9.8496673e-01    0.0596
12.175   1.0000000e+00    0.0652
12.225   9.6366755e-01    0.0738
12.275   8.6620171e-01    0.0865
12.325   7.1293551e-01    0.1053
12.375   5.2996380e-01    0.1331
12.425   3.5226907e-01    0.1745
12.475   2.0697705e-01    0.2388
12.525   1.0663514e-01    0.3431
12.575   4.7776516e-02    0.5215
12.625   1.8732849e-02    0.8420
12.675   6.6280499e-03    1.4105
12.725   2.4046749e-03    2.3535
12.775   1.1553015e-03    3.4348
12.825   8.6443595e-04    4.0108
12.875   7.6744435e-04    4.1270
12.925   8.0017920e-04    4.2229
12.975   7.6475867e-04    4.2723
13.025   8.0700218e-04    4.5330
13.075   7.6269615e-04    4.4725
13.125   7.2284162e-04    4.4065
13.175   7.2860136e-04    4.4383
13.225   7.5863773e-04    4.4894
13.275   7.3691318e-04    4.3716
13.325   7.2591833e-04    4.2903
13.375   6.9098329e-04    4.2413
13.425   6.9297923e-04    4.4871
13.475   6.9717669e-04    4.3938
13.525   7.1125744e-04    4.3186
13.575   7.6962500e-04    4.4779
13.625   6.9699258e-04    4.4359
13.675   7.0584735e-04    4.4642
13.725   6.8018060e-04    4.6114
13.775   6.7398877e-04    4.8001
13.825   6.8134048e-04    4.6260
13.875   6.7343873e-04    4.6514
13.925   6.8105663e-04    4.7982
13.975   6.5593627e-04    4.4544
14.025   6.6518624e-04    4.7187
14.075   6.7308465e-04    4.6114
14.125   6.5952969e-04    4.6172
14.175   6.6514748e-04    4.9258
14.225   6.5221674e-04    4.6669
14.275   6.4669364e-04    4.9704
14.325   6.4833072e-04    4.5208
14.375   6.5984403e-04    4.8111
14.425   6.1345258e-04    4.6073
14.475   6.3979089e-04    4.9283
14.525   6.1837912e-04    4.9421
14.575   6.1240186e-04    4.7058
14.625   6.2269791e-04    4.9413
14.675   6.1398788e-04    4.8667
14.725   6.2688228e-04    4.9283
14.775   6.1380650e-04    5.0594
14.825   6.1799784e-04    4.9709
14.875   5.8191522e-04    4.8176
14.925   5.8933915e-04    5.0097
14.975   5.5826678e-04    4.8967
15.025   5.4747510e-04    5.0710
15.075   5.5165275e-04    4.7369
15.125   5.8364532e-04    4.8548
15.175   6.1510975e-04    5.0840
15.225   5.8615673e-04    5.1283
15.275   5.8325872e-04    4.9309
15.325   5.9186443e-04    5.1143
15.375   5.7453017e-04    4.9785
15.425   5.9378329e-04    5.1770
15.475   5.9292996e-04    5.2180
15.525   5.5455417e-04    4.8459
15.575   5.6756774e-04    5.0909
15.625   5.3632447e-04    4.9714
15.675   5.5311862e-04    5.1117
15.725   5.5003997e-04    5.3478
15.775   5.0709809e-04    4.9579
15.825   5.3433719e-04    4.9881
15.875   5.4368117e-04    5.4001
15.925   5.0367815e-04    5.2683
15.975   5.1735113e-04    5.2441
16.025   5.1470236e-04    5.3154
16.075   4.9903212e-04    5.5031
16.125   5.1501632e-04    5.2560
16.175   5.2747252e-04    5.1999
16.225   4.7544516e-04    5.1861
16.275   5.1026205e-04    5.2912
16.325   4.8950637e-04    5.1906
16.375   5.0161162e-04    5.3043
16.425   5.1408903e-04    5.4552
16.475   4.6738325e-04    5.4212
16.525   4.9149588e-04    5.4683
16.575   4.7230333e-04    5.2126
16.625   4.8304570e-04    5.5230
16.675   4.7347070e-04    5.5202
16.725   4.9956761e-04    5.4486
16.775   4.7731021e-04    5.3391
16.825   4.7755774e-04    5.7096
16.875   4.6657239e-04    5.4041
16.925   5.0283876e-04    5.9363
16.975   4.8442592e-04    5.3891
17.025   4.5505491e-04    5.5229
17.075   4.6953749e-04    5.6128
17.125   4.6131555e-04    5.4429
17.175   4.6151858e-04    5.6248
17.225   4.4367026e-04    5.6669
17.275   4.6882981e-04    5.8109
17.325   4.6576032e-04    5.7808
17.375   4.5781657e-04    5.6789
17.425   4.2137855e-04    5.4600
17.475   4.2519857e-04    5.3515
17.525   4.2875374e-04    5.9764
17.575   4.3233211e-04    6.1488
17.625   4.3741812e-04    6.1644
17.675   4.2983316e-04    5.7220
17.725   4.4351500e-04    5.8890
17.775   4.1574795e-04    5.9280
17.825   4.0210863e-04    5.7702
17.875   4.1067670e-04    6.1323
17.925   4.0959415e-04    6.1276
17.975   4.1448302e-04    5.7775
18.025   4.0950454e-04    6.0472
18.075   3.8997459e-04    5.6799
18.125   3.8804774e-04    5.7571
18.175   3.9100783e-04    5.6126
18.225   4.0459875e-04    6.0510
18.275   4.0454059e-04    6.1994
18.325   4.0751833e-04    6.2054
18.375   3.7519846e-04    6.0078
18.425   4.0202916e-04    6.0347
18.475   4.0134727e-04    6.3284
18.525   3.7639861e-04    5.9310
18.575   3.7087113e-04    6.1493
18.625   3.7591650e-04    5.9799
18.675   3.6605548e-04    5.9928
18.725   3.8656514e-04    6.6447
18.775   3.8157722e-04    5.9434
18.825   3.9294834e-04    6.0955
18.875   3.7346181e-04    5.8915
18.925   3.6790058e-04    6.1084
18.975   3.7469555e-04    6.7910
19.025   3.6773320e-04    6.2593
19.075   3.8292729e-04    6.3458
19.125   3.7781055e-04    6.3724
19.175   3.6652375e-04    6.2850
19.225   3.8615896e-04    6.2437
19.275   3.6048319e-04    6.4416
19.325   3.7968266e-04    6.4271
19.375   3.9538985e-04    6.8259
19.425   3.7373760e-04    6.1701
19.475   3.5312097e-04    6.0778
19.525   3.5803730e-04    6.2369
19.575   3.6477934e-04    6.1540
19.625   3.5210061e-04    6.1350
19.675   3.3465316e-04    6.3934
19.725   3.2435283e-04    6.2535
19.775   3.2319843e-04    6.6069
19.825   3.4521245e-04    6.9525
19.875   3.4515332e-04    6.9413
19.925   3.3701624e-04    7.0593
19.975   3.1735907e-04    7.0443
20.025   3.0977012e-04    6.4318
20.075   3.2211336e-04    7.1741
20.125   3.0799815e-04    6.4663
20.175   3.0948194e-04    7.1851
20.225   3.2110288e-04    6.5997
20.275   3.2415676e-04    6.5940
20.325   3.1806221e-04    6.4567
20.375   3.3441630e-04    6.5548
20.425   3.2214958e-04    6.6009
20.475   3.4391308e-04    6.8394
20.525   3.0512601e-04    6.4641
20.575   3.1621632e-04    6.6124
20.625   3.2140923e-04    7.4509
20.675   2.7618458e-04    6.5635
20.725   3.0927575e-04    7.2768
20.775   3.2243553e-04    7.3306
20.825   3.0591806e-04    6.6045
20.875   2.9197629e-04    6.7321
20.925   2.9971907e-04    6.6777
20.975   2.9056164e-04    7.0920
21.025   2.9337070e-04    7.2987
21.075   3.1394862e-04    7.2391
21.125   3.1741468e-04    7.1194
21.175   2.9635813e-04    6.7789
21.225   2.8579995e-04    6.9031
21.275   2.7342990e-04    6.8938
21.325   2.6146968e-04    6.9227
21.375   2.7971441e-04    6.8703
21.425   2.6957780e-04    7.0329
21.475   3.1596138e-04    7.2219
21.525   3.0102954e-04    7.2493
21.575   2.8421021e-04    7.1971
21.625   2.7088930e-04    6.8481
21.675   2.8073245e-04    7.5659
21.725   2.5596391e-04    6.8770
21.775   2.7955913e-04    7.3171
21.825   2.5637475e-04    6.9424
21.875   2.8286456e-04    7.5761
21.925   2.8075454e-04    7.6941
21.975   2.6767047e-04    7.0909
22.025   2.7562408e-04    7.1961
22.075   2.8878460e-04    7.1184
22.125   2.7454571e-04    7.8569
22.175   2.5037614e-04    7.2477
22.225   2.5546186e-04    7.2422
22.275   2.6898551e-04    7.5436
22.325   2.6967053e-04    8.0886
22.375   2.5744132e-04    7.5784
22.425   2.7186006e-04    7.5556
22.475   2.6822450e-04    7.3632
22.525   2.5366541e-04    7.3597
22.575   2.4506505e-04    7.2567
22.625   2.4546911e-04    7.0933
22.675   2.5927108e-04    7.8736
22.725   2.4653443e-04    7.6811
22.775   2.3782635e-04    7.2991
22.825   2.5005847e-04    7.6022
22.875   2.4593408e-04    7.2990
22.925   2.4548332e-04    7.3934
22.975   2.5470609e-04    7.6380
23.025   2.5680850e-04    7.8227
23.075   2.4957288e-04    7.7357
23.125   2.5316860e-04    7.5741
23.175   2.4270861e-04    7.9606
23.225   2.2964139e-04    8.0809
23.275   2.4516682e-04    7.9841
23.325   2.5700244e-04    8.2823
23.375   2.2892541e-04    7.4779
23.425   2.1871586e-04    7.6631
23.475   2.2747841e-04    7.8806
23.525   2.3099323e-04    7.7166
23.575   2.0921182e-04    7.5640
23.625   2.1582527e-04    8.9035
23.675   2.3167963e-04    8.1645
23.725   2.2574939e-04    7.8192
23.775   2.3878182e-04    8.0841
23.825   2.3487159e-04    7.9103
23.875   2.2669220e-04    7.9220
23.925   2.0722317e-04    8.0678
23.975   2.2352288e-04    8.1940
24.025   2.2368426e-04    8.1228
24.075   2.2241685e-04    7.7036
24.125   2.2962570e-04    8.9207
24.175   2.1511518e-04    7.7881
24.225   2.0530868e-04    8.6002
24.275   2.1440965e-04    8.2108
24.325   2.1625242e-04    7.9576
24.375   2.1362979e-04    8.8744
24.425   2.1689597e-04    8.3500
24.475   2.1312863e-04    8.6929
24.525   2.0416093e-04    8.6028
24.575   1.9976747e-04    8.4205
24.625   2.1756899e-04    9.3542
24.675   2.0311515e-04    8.6933
24.725   1.8096923e-04    8.2388
24.775   1.9104035e-04    8.6122
24.825   1.9731385e-04    8.4156
24.875   1.9583614e-04    8.4116
24.925   1.9382462e-04    8.0221
24.975   2.0355497e-04    8.6487
25.025   2.1118697e-04    8.7883
25.075   1.9390055e-04    8.5605
25.125   1.8646231e-04    8.8300
25.175   1.8931598e-04    9.0437
25.225   1.9835987e-04    8.1258
25.275   1.8570999e-04    8.5007
25.325   1.8623893e-04    8.6538
25.375   1.7142940e-04    8.5270
25.425   1.7469025e-04    8.7439
25.475   2.1186343e-04    8.9244
25.525   1.9501507e-04    8.6294
25.575   1.7156208e-04    8.0880
25.625   1.8691871e-04    8.8454
25.675   1.7341903e-04    8.4804
25.725   1.9231359e-04    9.5011
25.775   1.7640770e-04    8.9447
25.825   1.8612957e-04    8.5287
25.875   1.9335319e-04    9.0277
25.925   1.5458528e-04    8.2257
25.975   1.7665893e-04    8.5032
26.025   1.8202306e-04    9.8379
26.075   1.7316694e-04    8.7169
26.125   1.8327255e-04    9.1265
26.175   1.7451262e-04    9.3750
26.225   1.6871442e-04    9.5237
26.275   1.7451911e-04    9.6843
26.325   1.8619387e-04    9.2606
26.375   1.9046400e-04    9.6199
26.425   1.7030343e-04    8.9658
26.475   1.7034827e-04    9.1820
26.525   1.9599743e-04    10.0193
26.575   1.8287606e-04    9.0739
26.625   1.7881759e-04    10.0816
26.675   1.8034042e-04    9.5995
26.725   1.7940175e-04    9.5950
26.775   1.6958283e-04    9.8185
26.825   1.8498411e-04    10.6730
26.875   1.4830342e-04    9.4540
26.925   1.7628715e-04    10.7644
26.975   1.5515459e-04    9.6509
27.025   1.6004378e-04    9.6275
27.075   1.5887262e-04    9.3727
27.125   1.6232173e-04    8.9268
27.175   1.6836562e-04    9.6963
27.225   1.5144782e-04    9.9681
27.275   1.4613795e-04    9.1122
27.325   1.5779707e-04    9.6427
27.375   1.6123041e-04    10.2164
27.425   1.5101062e-04    9.3995
27.475   1.4716020e-04    9.7076
27.525   1.5199076e-04    9.1500
27.575   1.5859038e-04    10.2747
27.625   1.4286558e-04    9.2365
27.675   1.6217588e-04    10.6060
27.725   1.5659626e-04    10.1018
27.775   1.4464850e-04    9.8189
27.825   1.5377860e-04    10.4655
27.875   1.5323655e-04    10.4831
27.925   1.6643492e-04    10.9692
27.975   1.4500817e-04    10.6970
28.025   1.4603926e-04    9.3780
28.075   1.4874068e-04    9.6852
28.125   1.4933032e-04    9.5123
28.175   1.5715348e-04    10.0071
28.225   1.4214503e-04    9.6535
28.275   1.2988154e-04    9.8863
28.325   1.5109560e-04    11.2058
28.375   1.5590076e-04    9.8860
28.425   1.4238632e-04    10.8839
28.475   1.3778359e-04    9.8486
28.525   1.6063564e-04    10.4298
28.575   1.5542860e-04    9.9933
28.625   1.3603093e-04    9.0623
28.675   1.3353670e-04    9.9873
28.725   1.4439126e-04    9.7684
28.775   1.4717380e-04    10.0136
28.825   1.4688771e-04    11.7251
28.875   1.3262422e-04    9.8476
28.925   1.2905947e-04    10.6574
28.975   1.4018357e-04    10.6011
29.025   1.2595765e-04    10.6390
29.075   1.4400937e-04    10.7674
29.125   1.3489253e-04    10.2957
29.175   1.3770059e-04    10.5370
29.225   1.4311363e-04    11.5946
29.275   1.2374494e-04    10.2410
29.325   1.2364182e-04    10.8373
29.375   1.1916065e-04    9.5072
29.425   1.1434787e-04    10.1195
29.475   1.2547262e-04    12.0099
29.525   1.2051613e-04    9.8674
29.575   1.2852073e-04    10.9842
29.625   1.2731448e-04    10.2836
29.675   1.3398229e-04    10.5105
29.725   1.3905791e-04    10.3513
29.775   1.3508957e-04    10.0723
29.825   1.2712003e-04    10.0928
29.875   1.2936973e-04    10.5273
29.925   1.2150406e-04    10.2403
29.975   1.1807355e-04    10.2811
30.025   1.2912988e-04    10.2038
30.075   1.2928684e-04    10.5159
30.125   1.2549483e-04    11.4712
30.175   1.1873272e-04    10.7611
30.225   1.1910040e-04    9.8017
30.275   1.1224645e-04    10.7280
30.325   1.2431305e-04    11.6900
30.375   1.1966647e-04    11.8219
30.425   1.2543385e-04    10.9500
30.475   1.2064347e-04    11.4414
30.525   1.1105167e-04    10.3119
30.575   1.3290965e-04    12.4523
30.625   1.3469220e-04    12.5919
30.675   1.2423611e-04    10.9797
30.725   1.2173655e-04    12.5955
30.775   1.2252336e-04    11.5088
30.825   1.1551221e-04    11.8776
30.875   1.1728583e-04    11.6997
30.925   1.1612891e-04    11.7622
30.975   1.1595343e-04    11.4622
31.025   1.0966038e-04    11.7245
31.075   1.1755075e-04    11.9906
31.125   1.0082323e-04    11.3810
31.175   1.0911602e-04    12.1843
31.225   1.1685185e-04    11.5260
31.275   1.1982808e-04    10.9161
31.325   1.0545460e-04    10.6869
31.375   1.1629311e-04    14.2733
31.425   9.9847856e-05    11.4408
31.475   1.0124503e-04    11.5586
31.525   1.0921359e-04    11.3266
31.575   9.6769453e-05    12.7619
31.625   1.0022036e-04    14.6145
31.675   1.0910669e-04    12.6866
31.725   1.0520693e-04    12.5709
31.775   1.1979738e-04    13.4201
31.825   9.7531713e-05    11.3382
31.875   9.7925517e-05    11.7402
31.925   9.0409858e-05    12.3495
31.975   1.0622259e-04    11.4608
32.025   1.0421394e-04    11.9809
32.075   9.2316156e-05    11.6803
32.125   1.0572297e-04    13.2886
32.175   1.0429714e-04    12.0235
32.225   1.1176605e-04    11.8758
32.275   1.0836632e-04    11.5881
32.325   9.5311430e-05    12.1962
32.375   9.6425915e-05    12.7620
32.425   9.5080498e-05    12.4816
32.475   9.7742489e-05    12.9949
32.525   9.7828912e-05    12.6407
32.575   1.0798657e-04    11.7907
32.625   1.0287973e-04    11.9187
32.675   1.0531484e-04    12.8600
32.725   9.9087163e-05    11.7903
32.775   1.0056518e-04    12.0912
32.825   9.4197077e-05    12.2030
32.875   1.0264303e-04    11.2320
32.925   9.6942949e-05    12.8006
32.975   9.6819880e-05    11.9473
33.025   9.7556249e-05    13.2762
33.075   9.0093768e-05    12.2549
33.125   9.9417993e-05    12.6692
33.175   9.8107171e-05    12.1980
33.225   8.8797738e-05    12.4145
33.275   9.0127423e-05    12.0296
33.325   9.2893296e-05    12.1931
33.375   9.1515630e-05    13.3969
33.425   9.1515409e-05    12.4729
33.475   9.3143032e-05    12.3605
33.525   9.8088939e-05    12.7992
33.575   1.0346612e-04    12.3458
33.625   8.7924347e-05    12.3853
33.675   8.0469138e-05    11.9697
33.725   8.5883992e-05    13.1329
33.775   8.3489874e-05    12.3894
33.825   8.6234853e-05    13.5226
33.875   8.2206982e-05    12.4981
33.925   8.4965729e-05    13.7680
33.975   8.6388227e-05    13.4841
34.025   8.6440516e-05    13.2325
34.075   8.2875859e-05    12.3243
34.125   8.2547597e-05    12.8673
34.175   7.9415054e-05    14.3344
34.225   9.1753827e-05    15.4315
34.275   8.4847811e-05    12.9688
34.325   9.1767643e-05    12.9159
34.375   8.9223646e-05    12.7248
34.425   8.4082564e-05    11.6099
34.475   8.6563146e-05    13.4978
34.525   9.0245527e-05    13.1194
34.575   9.3990279e-05    14.1683
34.625   7.7626177e-05    11.3202
34.675   8.5912524e-05    11.6919
34.725   8.5277004e-05    13.1227
34.775   8.5558017e-05    11.9189
34.825   8.0232790e-05    13.8822
34.875   8.0073046e-05    12.8247
34.925   8.5561165e-05    13.4204
34.975   8.5502189e-05    14.3944
35.025   8.5541817e-05    15.4233
35.075   7.2915387e-05    12.3048
35.125   7.0449586e-05    12.1067
35.175   7.8911769e-05    13.1784
35.225   8.5000908e-05    13.3182
35.275   8.0117994e-05    14.2189
35.325   7.9891193e-05    13.0397
35.375   7.4179152e-05    12.6427
35.425   8.9866343e-05    14.0060
35.475   9.1758223e-05    14.8189
35.525   9.2601964e-05    15.5462
35.575   8.8087829e-05    14.7006
35.625   8.2749250e-05    13.8695
35.675   8.3368590e-05    13.2904
35.725   7.7062072e-05    12.5499
35.775   7.8580622e-05    14.8192
35.825   6.9219010e-05    13.5730
35.875   7.5454291e-05    13.5689
35.925   7.0611636e-05    12.7963
35.975   7.3043358e-05    13.4417
36.025   7.2378935e-05    13.8523
36.075   8.2487481e-05    15.6317
36.125   7.7581579e-05    13.9543
36.175   6.9811916e-05    12.8889
36.225   8.0169673e-05    14.9722
36.275   7.1068707e-05    14.0327
36.325   7.5094911e-05    13.8933
36.375   7.3883309e-05    14.8653
36.425   6.8790541e-05    12.5928
36.475   7.7781428e-05    13.9955
36.525   6.7751556e-05    14.2452
36.575   8.1363721e-05    16.2142
36.625   8.6661835e-05    15.6445
36.675   7.3525888e-05    14.4901
36.725   7.2950598e-05    17.0978
36.775   8.2008631e-05    15.3002
36.825   7.4942095e-05    14.5526
36.875   7.4813494e-05    16.6544
36.925   7.1176708e-05    13.4261
36.975   7.1951443e-05    13.8309
37.025   6.6916581e-05    12.7394
37.075   7.4517325e-05    14.2729
37.125   7.6407277e-05    15.6608
37.175   7.4680135e-05    14.6126
37.225   7.5189673e-05    15.7162
37.275   7.1330041e-05    14.0727
37.325   7.0045321e-05    13.0239
37.375   6.7397856e-05    14.1749
37.425   6.5511717e-05    16.9979
37.475   6.8521184e-05    13.2389
37.525   7.1458551e-05    14.2474
37.575   6.7800252e-05    12.6128
37.625   7.1588482e-05    13.6839
37.675   8.1309343e-05    13.6450
37.725   7.7819290e-05    13.6406
37.775   6.7875464e-05    14.0240
37.825   6.0054501e-05    14.6209
37.875   6.2133864e-05    17.3015
37.925   5.9529752e-05    14.6784
37.975   5.9746398e-05    16.2357
38.025   7.0821760e-05    16.5910
38.075   6.2942457e-05    15.8744
38.125   6.6634404e-05    17.8467
38.175   6.4346824e-05    13.9621
38.225   6.0316507e-05    14.3456
38.275   6.2610014e-05    15.2152
38.325   6.8941122e-05    17.2912
38.375   5.8198736e-05    14.2657
38.425   6.2651002e-05    14.5809
38.475   5.7171372e-05    15.5857
38.525   5.3844099e-05    14.5500
38.575   5.6205251e-05    16.3100
38.625   6.8817042e-05    17.3693
38.675   6.2301861e-05    14.9331
38.725   6.3352997e-05    17.5362
38.775   6.1745033e-05    15.8639
38.825   5.7503581e-05    15.7665
38.875   6.5959885e-05    15.9581
38.925   5.7152268e-05    15.2318
38.975   5.4453949e-05    18.8048
39.025   6.9339527e-05    15.7799
39.075   6.3192843e-05    17.5298
39.125   6.1218978e-05    18.1417
39.175   5.8179482e-05    17.9037
39.225   5.4150822e-05    18.1953
39.275   4.8811799e-05    18.0007
39.325   5.0408616e-05    16.2072
39.375   4.6248639e-05    15.1240
39.425   6.3257935e-05    22.2881
39.475   5.9413153e-05    22.1509
39.525   4.5597223e-05    17.0966
39.575   5.1143270e-05    18.9118
39.625   4.4504639e-05    16.6521
39.675   5.2910883e-05    16.2852
39.725   4.2287614e-05    17.1174
39.775   4.9347145e-05    16.8703
39.825   5.0489936e-05    19.3149
39.875   5.3589975e-05    17.6815
39.925   4.9695282e-05    19.6510
39.975   4.6870919e-05    17.6041
