SOBP group - Emax: 150 MeV - Width (X): 30%
Energy of the incident proton beam: 142.224 MeV
Depth (cm)  |  EnergyDeposit (a.u.)  |  Error (%)
0.025    1.8603905e-01    0.0855
0.075    1.9062722e-01    0.0858
0.125    1.9171174e-01    0.0901
0.175    1.9234736e-01    0.0890
0.225    1.9316572e-01    0.0912
0.275    1.9352147e-01    0.0884
0.325    1.9434869e-01    0.0935
0.375    1.9503882e-01    0.0940
0.425    1.9529366e-01    0.0913
0.475    1.9585371e-01    0.0921
0.525    1.9626752e-01    0.0914
0.575    1.9681406e-01    0.0921
0.625    1.9730201e-01    0.0931
0.675    1.9762911e-01    0.0915
0.725    1.9831081e-01    0.0935
0.775    1.9886675e-01    0.0950
0.825    1.9947548e-01    0.0961
0.875    1.9946517e-01    0.0907
0.925    2.0017493e-01    0.0923
0.975    2.0063397e-01    0.0931
1.025    2.0104730e-01    0.0924
1.075    2.0126409e-01    0.0914
1.125    2.0158781e-01    0.0907
1.175    2.0206445e-01    0.0926
1.225    2.0257810e-01    0.0930
1.275    2.0291087e-01    0.0915
1.325    2.0343203e-01    0.0926
1.375    2.0398997e-01    0.0935
1.425    2.0430672e-01    0.0931
1.475    2.0468518e-01    0.0916
1.525    2.0492460e-01    0.0918
1.575    2.0531660e-01    0.0911
1.625    2.0583202e-01    0.0920
1.675    2.0616981e-01    0.0924
1.725    2.0648835e-01    0.0908
1.775    2.0694581e-01    0.0921
1.825    2.0749876e-01    0.0940
1.875    2.0783976e-01    0.0926
1.925    2.0822311e-01    0.0923
1.975    2.0853468e-01    0.0932
2.025    2.0894200e-01    0.0925
2.075    2.0910586e-01    0.0909
2.125    2.0968551e-01    0.0926
2.175    2.0990058e-01    0.0921
2.225    2.1030787e-01    0.0926
2.275    2.1074537e-01    0.0931
2.325    2.1115839e-01    0.0926
2.375    2.1144662e-01    0.0918
2.425    2.1163018e-01    0.0889
2.475    2.1189517e-01    0.0897
2.525    2.1232533e-01    0.0890
2.575    2.1290241e-01    0.0904
2.625    2.1310685e-01    0.0887
2.675    2.1361063e-01    0.0885
2.725    2.1408025e-01    0.0908
2.775    2.1449544e-01    0.0904
2.825    2.1498152e-01    0.0907
2.875    2.1526047e-01    0.0913
2.925    2.1571711e-01    0.0901
2.975    2.1613338e-01    0.0906
3.025    2.1635854e-01    0.0901
3.075    2.1670443e-01    0.0902
3.125    2.1694398e-01    0.0874
3.175    2.1747446e-01    0.0886
3.225    2.1781162e-01    0.0883
3.275    2.1807170e-01    0.0875
3.325    2.1859409e-01    0.0903
3.375    2.1895540e-01    0.0892
3.425    2.1907164e-01    0.0874
3.475    2.1965818e-01    0.0895
3.525    2.2000234e-01    0.0890
3.575    2.2048591e-01    0.0893
3.625    2.2083809e-01    0.0901
3.675    2.2093852e-01    0.0869
3.725    2.2138609e-01    0.0866
3.775    2.2189504e-01    0.0874
3.825    2.2212452e-01    0.0859
3.875    2.2263135e-01    0.0890
3.925    2.2282691e-01    0.0871
3.975    2.2325793e-01    0.0864
4.025    2.2358805e-01    0.0862
4.075    2.2400317e-01    0.0858
4.125    2.2436497e-01    0.0854
4.175    2.2479097e-01    0.0866
4.225    2.2516097e-01    0.0855
4.275    2.2547019e-01    0.0855
4.325    2.2565895e-01    0.0834
4.375    2.2630453e-01    0.0854
4.425    2.2686868e-01    0.0868
4.475    2.2700062e-01    0.0838
4.525    2.2750567e-01    0.0846
4.575    2.2792091e-01    0.0844
4.625    2.2823388e-01    0.0834
4.675    2.2865662e-01    0.0845
4.725    2.2931800e-01    0.0845
4.775    2.2953969e-01    0.0842
4.825    2.3001171e-01    0.0840
4.875    2.3047546e-01    0.0850
4.925    2.3081383e-01    0.0841
4.975    2.3120938e-01    0.0836
5.025    2.3148516e-01    0.0827
5.075    2.3199787e-01    0.0822
5.125    2.3236047e-01    0.0823
5.175    2.3291086e-01    0.0831
5.225    2.3339040e-01    0.0833
5.275    2.3368733e-01    0.0819
5.325    2.3425545e-01    0.0830
5.375    2.3471861e-01    0.0819
5.425    2.3520735e-01    0.0831
5.475    2.3566665e-01    0.0825
5.525    2.3605865e-01    0.0822
5.575    2.3634554e-01    0.0804
5.625    2.3675546e-01    0.0807
5.675    2.3735358e-01    0.0813
5.725    2.3777134e-01    0.0817
5.775    2.3810289e-01    0.0803
5.825    2.3872809e-01    0.0807
5.875    2.3921520e-01    0.0814
5.925    2.3967676e-01    0.0810
5.975    2.4015221e-01    0.0806
6.025    2.4045910e-01    0.0800
6.075    2.4101918e-01    0.0797
6.125    2.4155749e-01    0.0805
6.175    2.4198392e-01    0.0795
6.225    2.4248119e-01    0.0800
6.275    2.4312692e-01    0.0809
6.325    2.4347470e-01    0.0793
6.375    2.4397132e-01    0.0798
6.425    2.4429719e-01    0.0788
6.475    2.4469237e-01    0.0776
6.525    2.4521710e-01    0.0781
6.575    2.4567045e-01    0.0769
6.625    2.4608182e-01    0.0763
6.675    2.4647477e-01    0.0759
6.725    2.4728251e-01    0.0774
6.775    2.4773303e-01    0.0764
6.825    2.4852645e-01    0.0781
6.875    2.4898242e-01    0.0768
6.925    2.4943471e-01    0.0773
6.975    2.4979729e-01    0.0755
7.025    2.5043010e-01    0.0760
7.075    2.5118561e-01    0.0764
7.125    2.5162885e-01    0.0763
7.175    2.5223760e-01    0.0754
7.225    2.5287330e-01    0.0757
7.275    2.5354854e-01    0.0762
7.325    2.5403464e-01    0.0753
7.375    2.5457864e-01    0.0753
7.425    2.5525625e-01    0.0759
7.475    2.5563349e-01    0.0744
7.525    2.5642639e-01    0.0754
7.575    2.5690307e-01    0.0738
7.625    2.5753381e-01    0.0746
7.675    2.5826551e-01    0.0744
7.725    2.5884694e-01    0.0741
7.775    2.5954342e-01    0.0751
7.825    2.6021317e-01    0.0747
7.875    2.6071506e-01    0.0741
7.925    2.6134160e-01    0.0736
7.975    2.6193455e-01    0.0731
8.025    2.6247447e-01    0.0711
8.075    2.6343866e-01    0.0737
8.125    2.6404913e-01    0.0729
8.175    2.6459311e-01    0.0717
8.225    2.6549003e-01    0.0726
8.275    2.6614177e-01    0.0719
8.325    2.6674711e-01    0.0715
8.375    2.6747132e-01    0.0712
8.425    2.6809618e-01    0.0716
8.475    2.6891236e-01    0.0710
8.525    2.6999568e-01    0.0722
8.575    2.7056994e-01    0.0705
8.625    2.7154755e-01    0.0728
8.675    2.7203251e-01    0.0713
8.725    2.7303975e-01    0.0715
8.775    2.7352700e-01    0.0692
8.825    2.7453596e-01    0.0707
8.875    2.7536151e-01    0.0706
8.925    2.7602386e-01    0.0694
8.975    2.7667681e-01    0.0684
9.025    2.7778569e-01    0.0696
9.075    2.7853041e-01    0.0681
9.125    2.7923500e-01    0.0676
9.175    2.8007984e-01    0.0670
9.225    2.8100609e-01    0.0675
9.275    2.8192227e-01    0.0672
9.325    2.8302706e-01    0.0692
9.375    2.8376518e-01    0.0670
9.425    2.8493567e-01    0.0685
9.475    2.8578133e-01    0.0680
9.525    2.8667936e-01    0.0671
9.575    2.8781702e-01    0.0676
9.625    2.8861253e-01    0.0659
9.675    2.8972427e-01    0.0665
9.725    2.9069214e-01    0.0660
9.775    2.9202268e-01    0.0677
9.825    2.9290328e-01    0.0660
9.875    2.9402805e-01    0.0660
9.925    2.9500061e-01    0.0658
9.975    2.9597379e-01    0.0644
10.025   2.9725443e-01    0.0656
10.075   2.9842223e-01    0.0652
10.125   2.9949562e-01    0.0642
10.175   3.0060668e-01    0.0634
10.225   3.0178378e-01    0.0629
10.275   3.0304610e-01    0.0634
10.325   3.0433321e-01    0.0637
10.375   3.0575178e-01    0.0635
10.425   3.0700580e-01    0.0627
10.475   3.0839223e-01    0.0631
10.525   3.0973838e-01    0.0624
10.575   3.1110043e-01    0.0625
10.625   3.1234699e-01    0.0614
10.675   3.1388401e-01    0.0619
10.725   3.1525656e-01    0.0610
10.775   3.1697057e-01    0.0616
10.825   3.1860566e-01    0.0624
10.875   3.2007212e-01    0.0616
10.925   3.2150559e-01    0.0602
10.975   3.2318623e-01    0.0608
11.025   3.2490088e-01    0.0602
11.075   3.2692645e-01    0.0612
11.125   3.2861537e-01    0.0603
11.175   3.3040088e-01    0.0598
11.225   3.3212459e-01    0.0591
11.275   3.3386884e-01    0.0582
11.325   3.3583777e-01    0.0587
11.375   3.3792197e-01    0.0594
11.425   3.3992979e-01    0.0585
11.475   3.4209318e-01    0.0585
11.525   3.4410693e-01    0.0581
11.575   3.4631953e-01    0.0578
11.625   3.4854044e-01    0.0574
11.675   3.5075466e-01    0.0566
11.725   3.5338221e-01    0.0571
11.775   3.5616165e-01    0.0575
11.825   3.5853037e-01    0.0562
11.875   3.6125716e-01    0.0566
11.925   3.6380936e-01    0.0548
11.975   3.6697843e-01    0.0561
12.025   3.6999582e-01    0.0552
12.075   3.7299054e-01    0.0553
12.125   3.7630679e-01    0.0558
12.175   3.7920728e-01    0.0545
12.225   3.8250243e-01    0.0544
12.275   3.8581145e-01    0.0539
12.325   3.8925561e-01    0.0534
12.375   3.9322785e-01    0.0543
12.425   3.9720947e-01    0.0543
12.475   4.0107115e-01    0.0536
12.525   4.0537830e-01    0.0537
12.575   4.0970082e-01    0.0540
12.625   4.1429163e-01    0.0542
12.675   4.1910041e-01    0.0539
12.725   4.2420572e-01    0.0542
12.775   4.2921538e-01    0.0537
12.825   4.3461829e-01    0.0536
12.875   4.4021858e-01    0.0532
12.925   4.4590873e-01    0.0524
12.975   4.5216671e-01    0.0523
13.025   4.5821879e-01    0.0509
13.075   4.6487751e-01    0.0502
13.125   4.7243246e-01    0.0502
13.175   4.8013988e-01    0.0495
13.225   4.8809368e-01    0.0487
13.275   4.9714747e-01    0.0485
13.325   5.0679791e-01    0.0480
13.375   5.1672043e-01    0.0475
13.425   5.2759127e-01    0.0470
13.475   5.3953925e-01    0.0468
13.525   5.5264043e-01    0.0466
13.575   5.6660819e-01    0.0463
13.625   5.8199899e-01    0.0462
13.675   5.9877104e-01    0.0459
13.725   6.1736617e-01    0.0459
13.775   6.3843809e-01    0.0460
13.825   6.6197030e-01    0.0461
13.875   6.8897676e-01    0.0463
13.925   7.1975417e-01    0.0467
13.975   7.5492332e-01    0.0472
14.025   7.9610988e-01    0.0482
14.075   8.4268719e-01    0.0497
14.125   8.9286339e-01    0.0515
14.175   9.4203092e-01    0.0538
14.225   9.8201528e-01    0.0570
14.275   1.0000000e+00    0.0614
14.325   9.8328539e-01    0.0675
14.375   9.2338062e-01    0.0761
14.425   8.1763157e-01    0.0882
14.475   6.7625009e-01    0.1051
14.525   5.1905375e-01    0.1286
14.575   3.6578585e-01    0.1622
14.625   2.3566987e-01    0.2110
14.675   1.3769278e-01    0.2847
14.725   7.2546084e-02    0.3997
14.775   3.4851930e-02    0.5848
14.825   1.5142612e-02    0.8895
14.875   6.2314734e-03    1.3982
14.925   2.6756075e-03    2.1823
14.975   1.4072940e-03    2.9441
15.025   1.0523100e-03    3.4783
15.075   9.3437198e-04    3.7304
15.125   9.1362576e-04    3.8625
15.175   9.1549258e-04    3.8354
15.225   9.1323257e-04    3.7865
15.275   9.2370760e-04    3.9333
15.325   8.7071955e-04    3.8177
15.375   8.6821286e-04    3.8906
15.425   8.6592020e-04    3.8606
15.475   8.5939723e-04    3.8657
15.525   8.7467984e-04    3.8942
15.575   8.6309640e-04    3.8161
15.625   8.4146376e-04    4.0030
15.675   8.5817239e-04    3.8299
15.725   8.6105989e-04    3.9522
15.775   8.4342930e-04    3.7755
15.825   8.8991886e-04    4.1561
15.875   8.2511716e-04    3.8858
15.925   8.3534133e-04    3.8732
15.975   8.0098814e-04    4.2338
16.025   7.9109390e-04    4.0642
16.075   7.9820594e-04    3.9445
16.125   8.3171130e-04    3.8464
16.175   8.0318788e-04    3.9293
16.225   8.4849912e-04    3.9103
16.275   8.1971731e-04    4.0984
16.325   7.9371868e-04    3.9807
16.375   8.0810019e-04    4.0680
16.425   7.9209407e-04    4.3090
16.475   7.8027895e-04    4.1983
16.525   7.4357712e-04    4.0953
16.575   7.3687650e-04    4.2022
16.625   7.4739517e-04    4.2084
16.675   7.5464516e-04    4.2810
16.725   7.1487005e-04    4.2324
16.775   7.0457772e-04    4.4593
16.825   7.1160113e-04    4.3005
16.875   7.3124070e-04    4.2237
16.925   7.1933633e-04    4.0534
16.975   7.0757933e-04    4.1866
17.025   7.2014628e-04    4.2984
17.075   7.2448546e-04    4.2978
17.125   7.0728132e-04    4.2447
17.175   7.1632174e-04    4.2674
17.225   6.9210508e-04    4.2300
17.275   6.7311351e-04    4.1388
17.325   6.6770779e-04    4.1984
17.375   6.9315397e-04    4.2982
17.425   7.0800006e-04    4.3837
17.475   7.2335056e-04    4.5592
17.525   6.7814009e-04    4.3626
17.575   6.9579349e-04    4.4054
17.625   6.9577893e-04    4.4946
17.675   6.5603365e-04    4.3576
17.725   6.7845490e-04    4.4874
17.775   6.8087580e-04    4.6145
17.825   6.9742305e-04    4.5696
17.875   6.1555806e-04    4.4536
17.925   6.2562078e-04    4.4534
17.975   6.4103054e-04    4.4203
18.025   6.4749134e-04    4.3695
18.075   6.5281302e-04    4.5598
18.125   6.3117206e-04    4.4313
18.175   6.6000713e-04    5.0111
18.225   6.4261959e-04    4.4414
18.275   6.2378834e-04    4.4779
18.325   6.4938276e-04    4.8745
18.375   6.0719339e-04    4.5254
18.425   6.1924612e-04    4.7309
18.475   6.5593913e-04    4.6746
18.525   6.2013192e-04    4.5763
18.575   6.0831361e-04    4.8895
18.625   5.7955848e-04    4.8921
18.675   6.0902355e-04    4.8133
18.725   5.8024053e-04    4.7170
18.775   6.1723056e-04    4.7184
18.825   5.8854671e-04    4.7777
18.875   5.9807947e-04    4.8839
18.925   5.7953350e-04    5.2281
18.975   5.6294774e-04    4.5311
19.025   5.8880096e-04    4.8902
19.075   6.1379368e-04    5.2231
19.125   6.1266185e-04    4.7698
19.175   5.9657735e-04    4.8227
19.225   6.0382458e-04    4.7625
19.275   6.0110255e-04    4.6959
19.325   5.7773658e-04    5.0792
19.375   5.7726694e-04    4.8463
19.425   5.5052476e-04    4.8367
19.475   5.4100983e-04    4.9455
19.525   5.5418970e-04    4.8737
19.575   5.5331600e-04    4.9316
19.625   5.1972924e-04    4.9115
19.675   5.1933095e-04    4.8922
19.725   5.3899519e-04    4.8693
19.775   5.4848177e-04    4.8985
19.825   5.2148301e-04    4.8464
19.875   5.1003816e-04    4.9480
19.925   5.2032733e-04    4.9363
19.975   5.2819598e-04    4.9302
20.025   4.9597987e-04    4.8233
20.075   5.0093405e-04    4.9598
20.125   5.3051581e-04    5.5556
20.175   5.3494549e-04    5.2291
20.225   4.9952258e-04    5.0613
20.275   5.0063076e-04    4.9310
20.325   5.0483388e-04    5.2673
20.375   5.2424481e-04    5.1180
20.425   4.9690239e-04    4.9303
20.475   5.0152475e-04    5.0914
20.525   5.0304329e-04    5.2207
20.575   5.1181877e-04    5.2947
20.625   4.9320790e-04    5.1881
20.675   4.8778513e-04    5.1616
20.725   4.6348612e-04    5.1499
20.775   4.7258669e-04    5.1497
20.825   4.9390437e-04    5.2047
20.875   4.9216234e-04    5.3467
20.925   4.7309308e-04    5.4399
20.975   4.7842291e-04    5.2618
21.025   4.7091653e-04    5.8214
21.075   4.6297935e-04    5.3122
21.125   4.4255170e-04    5.3858
21.175   4.7587810e-04    5.3945
21.225   4.9369386e-04    5.5750
21.275   4.5174601e-04    5.0803
21.325   4.7082279e-04    5.3156
21.375   4.4652588e-04    5.6772
21.425   4.6525079e-04    5.4939
21.475   4.2783060e-04    5.3334
21.525   4.3793830e-04    5.3671
21.575   4.3805021e-04    5.8062
21.625   4.3338489e-04    5.6709
21.675   4.1325730e-04    5.5575
21.725   4.3491029e-04    5.8160
21.775   4.0448416e-04    5.4581
21.825   4.0977410e-04    5.4898
21.875   4.1726213e-04    5.7643
21.925   4.2402462e-04    6.2386
21.975   4.0717621e-04    5.9108
22.025   4.1468332e-04    5.7403
22.075   3.9375542e-04    5.6892
22.125   3.6685635e-04    5.5508
22.175   3.8940760e-04    5.6012
22.225   4.2422453e-04    5.8381
22.275   4.1164300e-04    5.9961
22.325   3.9458397e-04    5.5745
22.375   3.8923595e-04    5.4953
22.425   4.0062118e-04    5.8945
22.475   3.9993303e-04    5.7718
22.525   4.0497384e-04    6.1968
22.575   3.8452049e-04    6.1484
22.625   3.7546487e-04    6.0493
22.675   3.6938601e-04    6.0645
22.725   3.7225961e-04    6.0017
22.775   3.7923647e-04    5.9403
22.825   3.9056564e-04    6.4399
22.875   3.8297616e-04    5.7233
22.925   3.9611391e-04    6.6661
22.975   3.8468439e-04    6.7982
23.025   3.6569047e-04    5.7721
23.075   3.7293533e-04    5.7836
23.125   3.8491238e-04    5.9235
23.175   3.7226436e-04    5.6650
23.225   3.4414357e-04    5.6557
23.275   3.3819428e-04    5.9563
23.325   4.0146208e-04    6.2451
23.375   3.6543894e-04    6.2475
23.425   3.6710343e-04    6.3122
23.475   3.5266830e-04    6.6681
23.525   3.4759073e-04    5.7980
23.575   3.5443467e-04    6.2761
23.625   3.3786333e-04    5.8878
23.675   3.6357814e-04    6.3881
23.725   3.5298639e-04    5.9861
23.775   3.4239042e-04    6.2670
23.825   3.3884563e-04    6.1611
23.875   3.8681379e-04    6.9652
23.925   3.4690172e-04    6.0667
23.975   3.5590834e-04    6.7384
24.025   3.5184781e-04    6.5296
24.075   3.3383059e-04    6.2024
24.125   3.3579225e-04    6.7327
24.175   3.3339180e-04    6.8209
24.225   3.3904452e-04    6.9631
24.275   3.3193683e-04    6.4552
24.325   3.6734774e-04    7.2055
24.375   3.3544479e-04    6.3739
24.425   3.3157063e-04    6.3733
24.475   3.1428075e-04    6.2994
24.525   3.3324407e-04    6.3614
24.575   3.3889549e-04    6.5394
24.625   3.2456190e-04    6.4743
24.675   3.4016552e-04    6.6059
24.725   3.1244272e-04    6.4955
24.775   3.7220719e-04    6.8001
24.825   3.2239886e-04    6.4431
24.875   3.3036201e-04    6.9844
24.925   2.9435165e-04    6.0860
24.975   3.0203852e-04    6.5463
25.025   2.9208309e-04    6.7879
25.075   3.0282620e-04    6.9840
25.125   3.2566651e-04    7.2780
25.175   3.0761508e-04    6.9648
25.225   3.0501399e-04    7.2390
25.275   2.9815617e-04    6.9182
25.325   3.2434761e-04    7.1114
25.375   3.1019675e-04    6.7546
25.425   3.0312806e-04    6.7612
25.475   2.9570613e-04    6.5529
25.525   2.8631678e-04    6.4730
25.575   2.7931683e-04    6.6500
25.625   3.1410467e-04    6.7607
25.675   3.0178246e-04    6.7212
25.725   2.8601682e-04    6.9635
25.775   2.8676135e-04    7.3516
25.825   2.9073359e-04    7.3568
25.875   2.7718689e-04    6.4895
25.925   2.9389684e-04    6.9699
25.975   3.0556624e-04    6.9269
26.025   2.8594475e-04    7.3515
26.075   2.6303322e-04    7.1003
26.125   2.6995033e-04    7.0363
26.175   2.5998289e-04    6.7215
26.225   2.5789043e-04    7.2624
26.275   2.8544370e-04    7.4675
26.325   2.6083671e-04    6.4823
26.375   2.6116551e-04    7.0899
26.425   2.5480223e-04    6.6700
26.475   2.5275095e-04    7.1831
26.525   2.4580044e-04    6.5846
26.575   2.7206690e-04    7.6312
26.625   2.6003610e-04    7.4702
26.675   2.5281793e-04    7.1074
26.725   2.5489543e-04    6.9607
26.775   2.5475662e-04    7.3668
26.825   2.5801175e-04    7.4020
26.875   2.3422704e-04    6.9563
26.925   2.4072212e-04    7.0941
26.975   2.4823291e-04    7.7530
27.025   2.5254184e-04    7.1734
27.075   2.4830139e-04    7.3605
27.125   2.4729403e-04    7.0132
27.175   2.4504885e-04    7.0944
27.225   2.5883261e-04    8.4491
27.275   2.4148143e-04    7.3576
27.325   2.4089997e-04    7.2626
27.375   2.4231915e-04    8.0775
27.425   2.3109131e-04    7.6546
27.475   2.4274891e-04    7.9816
27.525   2.3472536e-04    7.4125
27.575   2.2907429e-04    7.5999
27.625   2.3962352e-04    7.6416
27.675   2.3195835e-04    8.0918
27.725   2.2205087e-04    7.8020
27.775   2.3642737e-04    7.5708
27.825   2.5676466e-04    7.4428
27.875   2.4080475e-04    7.8311
27.925   2.3895438e-04    7.6030
27.975   2.4008824e-04    7.5091
28.025   2.2791361e-04    7.6128
28.075   2.1608878e-04    7.1419
28.125   2.2992643e-04    7.5599
28.175   2.1062677e-04    7.9651
28.225   2.3588233e-04    7.9912
28.275   2.2093042e-04    7.5984
28.325   2.3902855e-04    7.7893
28.375   2.3377232e-04    7.2735
28.425   2.3447530e-04    7.1958
28.475   2.5753563e-04    8.4444
28.525   2.3981000e-04    7.5276
28.575   2.1213324e-04    7.2300
28.625   2.1364530e-04    7.2195
28.675   2.1287343e-04    7.5010
28.725   2.3859435e-04    7.9675
28.775   2.1392093e-04    8.0911
28.825   2.1745600e-04    7.9416
28.875   2.0788263e-04    7.9868
28.925   1.9913672e-04    7.7419
28.975   2.0808159e-04    8.4650
29.025   2.0074391e-04    8.0438
29.075   2.1245497e-04    8.0327
29.125   2.0964044e-04    7.9231
29.175   2.0469712e-04    7.7400
29.225   2.0831892e-04    7.5460
29.275   2.1431876e-04    9.0645
29.325   2.0238826e-04    8.1805
29.375   2.0400354e-04    7.7684
29.425   1.9838623e-04    9.2282
29.475   1.9987559e-04    7.7661
29.525   1.9535877e-04    7.8535
29.575   1.9612937e-04    8.6486
29.625   1.9456892e-04    8.8952
29.675   2.0992880e-04    8.8661
29.725   2.1569232e-04    8.0870
29.775   2.0432524e-04    8.4090
29.825   2.0006829e-04    8.3052
29.875   1.9199245e-04    8.6955
29.925   1.7935229e-04    7.9572
29.975   1.9076526e-04    9.1314
30.025   1.8726875e-04    9.0031
30.075   1.8774050e-04    8.4283
30.125   2.0679960e-04    9.1773
30.175   1.8472942e-04    8.2109
30.225   1.9301180e-04    8.6739
30.275   1.8752732e-04    8.2983
30.325   1.8785163e-04    8.3848
30.375   1.9075213e-04    8.4807
30.425   1.8808736e-04    8.2818
30.475   1.9784467e-04    8.7274
30.525   1.8846574e-04    7.9059
30.575   1.8631053e-04    8.4426
30.625   1.8793653e-04    7.8854
30.675   2.0248692e-04    8.7223
30.725   2.0004778e-04    8.8684
30.775   1.8771090e-04    8.1138
30.825   2.0381778e-04    9.1526
30.875   2.0162199e-04    8.3184
30.925   1.9126243e-04    8.3864
30.975   1.8687484e-04    8.2281
31.025   2.0007187e-04    8.9371
31.075   1.7615218e-04    8.2616
31.125   1.7875708e-04    8.5062
31.175   1.8164916e-04    8.3303
31.225   1.7883616e-04    8.2113
31.275   1.7366819e-04    8.9260
31.325   1.6939590e-04    9.1565
31.375   1.6150901e-04    8.9089
31.425   1.5629595e-04    7.9856
31.475   1.6194667e-04    8.3872
31.525   1.8059630e-04    8.9843
31.575   1.8978653e-04    9.5054
31.625   1.8148864e-04    8.1062
31.675   1.7136534e-04    9.5645
31.725   1.7482801e-04    8.3475
31.775   1.6886254e-04    8.3822
31.825   1.8973106e-04    9.7945
31.875   1.7918671e-04    9.8068
31.925   1.6107783e-04    8.9055
31.975   1.6112769e-04    9.1189
32.025   1.6860261e-04    9.2220
32.075   1.5475514e-04    9.8869
32.125   1.5901772e-04    9.0730
32.175   1.5584536e-04    9.1202
32.225   1.5631554e-04    10.3960
32.275   1.4497708e-04    9.1780
32.325   1.6005415e-04    9.6706
32.375   1.5883472e-04    9.2997
32.425   1.6549828e-04    10.0289
32.475   1.6296300e-04    9.3844
32.525   1.6425510e-04    9.6848
32.575   1.5976882e-04    9.5970
32.625   1.5485844e-04    9.8037
32.675   1.4572271e-04    9.4034
32.725   1.3873968e-04    8.9440
32.775   1.5142074e-04    9.9409
32.825   1.5095412e-04    10.2677
32.875   1.4086854e-04    8.8166
32.925   1.3197979e-04    9.1684
32.975   1.3960616e-04    11.2753
33.025   1.3805337e-04    9.4976
33.075   1.3167869e-04    9.0756
33.125   1.4031221e-04    9.1642
33.175   1.3947929e-04    9.3303
33.225   1.3579041e-04    8.8420
33.275   1.2951929e-04    9.3314
33.325   1.3243667e-04    9.9218
33.375   1.4488730e-04    9.2826
33.425   1.2304979e-04    9.0507
33.475   1.3657270e-04    9.4728
33.525   1.3026814e-04    9.6822
33.575   1.3914751e-04    10.8764
33.625   1.5433720e-04    9.9642
33.675   1.4633634e-04    9.1319
33.725   1.4046743e-04    10.4285
33.775   1.4380296e-04    10.2093
33.825   1.4677250e-04    9.7695
33.875   1.3952391e-04    9.4591
33.925   1.4687146e-04    12.8362
33.975   1.6418522e-04    12.5862
34.025   1.3206037e-04    10.3937
34.075   1.2545824e-04    10.5307
34.125   1.1528452e-04    9.2127
34.175   1.2301948e-04    10.7598
34.225   1.2689589e-04    9.1407
34.275   1.3488894e-04    9.8614
34.325   1.3542735e-04    9.4457
34.375   1.2877840e-04    9.7561
34.425   1.2787567e-04    9.5534
34.475   1.3414033e-04    10.1183
34.525   1.4665981e-04    11.6968
34.575   1.2705013e-04    10.0157
34.625   1.3461211e-04    10.9045
34.675   1.2500374e-04    10.0482
34.725   1.3388494e-04    10.8188
34.775   1.3751944e-04    10.3294
34.825   1.3472085e-04    10.3323
34.875   1.3103962e-04    10.8532
34.925   1.4202076e-04    11.4881
34.975   1.2767687e-04    10.0260
35.025   1.2324530e-04    10.2656
35.075   1.2865002e-04    10.7191
35.125   1.4110571e-04    11.4484
35.175   1.4231953e-04    10.7037
35.225   1.2739031e-04    9.6193
35.275   1.2069012e-04    9.4575
35.325   1.2725708e-04    10.0884
35.375   1.1252304e-04    9.8797
35.425   1.3026369e-04    11.0869
35.475   1.1042247e-04    9.9060
35.525   1.2607591e-04    12.9142
35.575   1.1953787e-04    9.6187
35.625   1.3612238e-04    10.6557
35.675   1.2777485e-04    11.8755
35.725   1.2726104e-04    11.1341
35.775   1.1963951e-04    11.2224
35.825   1.1742441e-04    10.2694
35.875   1.2252784e-04    10.0071
35.925   1.1943936e-04    10.4492
35.975   1.2443525e-04    10.5466
36.025   1.1628406e-04    11.7279
36.075   1.2844940e-04    11.0104
36.125   1.2980917e-04    11.0127
36.175   1.1544145e-04    11.3936
36.225   1.1656929e-04    11.8207
36.275   1.1492845e-04    12.3696
36.325   1.1906412e-04    11.0089
36.375   1.1169855e-04    12.0655
36.425   1.0310486e-04    11.3162
36.475   1.0456121e-04    10.4465
36.525   1.0982482e-04    10.8838
36.575   1.1087790e-04    11.2567
36.625   1.2314275e-04    11.1692
36.675   1.0901163e-04    10.1313
36.725   1.1343052e-04    10.0983
36.775   1.1346846e-04    10.6179
36.825   1.0087956e-04    10.8047
36.875   1.0918498e-04    10.6228
36.925   1.1212881e-04    12.0462
36.975   1.0151711e-04    10.6927
37.025   1.0625261e-04    12.1518
37.075   1.0544047e-04    11.6091
37.125   1.1488982e-04    10.8842
37.175   1.0554664e-04    11.3982
37.225   1.0113994e-04    11.1223
37.275   1.1098319e-04    10.4778
37.325   1.0953993e-04    12.5367
37.375   1.0199878e-04    11.5868
37.425   9.5363449e-05    11.9940
37.475   1.0171771e-04    12.8273
37.525   9.0372060e-05    11.6721
37.575   1.0199792e-04    13.7749
37.625   9.8628327e-05    11.3048
37.675   1.0505318e-04    12.4173
37.725   1.1426451e-04    12.0532
37.775   1.1661351e-04    12.8356
37.825   1.0898517e-04    13.8215
37.875   9.9967431e-05    12.0250
37.925   9.8372844e-05    11.6643
37.975   9.7640941e-05    11.1731
38.025   1.0223837e-04    14.7609
38.075   8.9870444e-05    11.5990
38.125   1.0067320e-04    12.1537
38.175   8.9741082e-05    14.2133
38.225   9.7658034e-05    14.2246
38.275   8.9152337e-05    11.7570
38.325   9.1567587e-05    11.5987
38.375   8.9784907e-05    11.3952
38.425   9.6334320e-05    11.8352
38.475   1.0000535e-04    11.6692
38.525   1.0030167e-04    13.0439
38.575   8.9245896e-05    10.2284
38.625   1.0198924e-04    12.4095
38.675   8.4553986e-05    10.7353
38.725   9.3306920e-05    11.9054
38.775   8.6727163e-05    12.0153
38.825   8.3435775e-05    11.6470
38.875   8.6318543e-05    11.8117
38.925   8.4576001e-05    11.8778
38.975   9.6457957e-05    16.1315
39.025   7.5815140e-05    11.8723
39.075   8.1206549e-05    10.9729
39.125   9.4322586e-05    12.7672
39.175   9.0774494e-05    12.2368
39.225   9.1138118e-05    11.5044
39.275   7.9620582e-05    11.1408
39.325   8.3960449e-05    12.2010
39.375   9.3787592e-05    11.8729
39.425   8.6115152e-05    11.8147
39.475   8.5755175e-05    13.5467
39.525   8.8168808e-05    12.9039
39.575   7.9530307e-05    12.4482
39.625   8.0215915e-05    12.7452
39.675   9.4005581e-05    13.6769
39.725   8.6413105e-05    12.5259
39.775   7.4201270e-05    11.3937
39.825   8.0919604e-05    11.2206
39.875   7.7541516e-05    11.6535
39.925   7.6725080e-05    11.5122
39.975   7.8047649e-05    13.9498
