SOBP group - Emax: 150 MeV - Width (X): 30%
Energy of the incident proton beam: 146.223 MeV
Depth (cm)  |  EnergyDeposit (a.u.)  |  Error (%)
0.025    1.8765839e-01    0.0845
0.075    1.9257149e-01    0.0874
0.125    1.9359565e-01    0.0911
0.175    1.9415196e-01    0.0885
0.225    1.9500108e-01    0.0907
0.275    1.9536771e-01    0.0880
0.325    1.9609338e-01    0.0900
0.375    1.9680171e-01    0.0925
0.425    1.9719616e-01    0.0921
0.475    1.9769834e-01    0.0913
0.525    1.9812270e-01    0.0895
0.575    1.9869911e-01    0.0929
0.625    1.9917904e-01    0.0931
0.675    1.9944151e-01    0.0901
0.725    1.9991374e-01    0.0899
0.775    2.0050779e-01    0.0920
0.825    2.0108718e-01    0.0920
0.875    2.0113409e-01    0.0896
0.925    2.0183608e-01    0.0908
0.975    2.0240091e-01    0.0930
1.025    2.0281536e-01    0.0925
1.075    2.0301366e-01    0.0922
1.125    2.0336589e-01    0.0912
1.175    2.0383505e-01    0.0922
1.225    2.0440086e-01    0.0946
1.275    2.0468905e-01    0.0925
1.325    2.0505100e-01    0.0919
1.375    2.0562828e-01    0.0941
1.425    2.0603673e-01    0.0938
1.475    2.0641499e-01    0.0926
1.525    2.0672477e-01    0.0937
1.575    2.0691733e-01    0.0922
1.625    2.0748637e-01    0.0917
1.675    2.0768118e-01    0.0904
1.725    2.0806216e-01    0.0913
1.775    2.0845504e-01    0.0922
1.825    2.0913497e-01    0.0939
1.875    2.0949337e-01    0.0934
1.925    2.0976897e-01    0.0918
1.975    2.1012491e-01    0.0918
2.025    2.1041680e-01    0.0915
2.075    2.1053502e-01    0.0900
2.125    2.1121049e-01    0.0917
2.175    2.1151274e-01    0.0912
2.225    2.1178173e-01    0.0890
2.275    2.1238485e-01    0.0924
2.325    2.1265643e-01    0.0892
2.375    2.1294332e-01    0.0902
2.425    2.1331116e-01    0.0914
2.475    2.1344776e-01    0.0887
2.525    2.1387205e-01    0.0890
2.575    2.1454020e-01    0.0921
2.625    2.1468091e-01    0.0908
2.675    2.1504411e-01    0.0908
2.725    2.1540169e-01    0.0910
2.775    2.1564197e-01    0.0880
2.825    2.1615909e-01    0.0896
2.875    2.1650608e-01    0.0895
2.925    2.1679822e-01    0.0886
2.975    2.1712436e-01    0.0892
3.025    2.1761323e-01    0.0905
3.075    2.1798560e-01    0.0893
3.125    2.1830112e-01    0.0883
3.175    2.1870710e-01    0.0896
3.225    2.1901686e-01    0.0903
3.275    2.1933436e-01    0.0881
3.325    2.1959446e-01    0.0880
3.375    2.2009587e-01    0.0882
3.425    2.2032236e-01    0.0869
3.475    2.2064040e-01    0.0883
3.525    2.2117707e-01    0.0888
3.575    2.2154013e-01    0.0882
3.625    2.2182309e-01    0.0880
3.675    2.2217104e-01    0.0873
3.725    2.2261351e-01    0.0876
3.775    2.2303037e-01    0.0887
3.825    2.2340971e-01    0.0881
3.875    2.2352181e-01    0.0863
3.925    2.2389441e-01    0.0878
3.975    2.2423392e-01    0.0859
4.025    2.2469049e-01    0.0879
4.075    2.2471507e-01    0.0854
4.125    2.2536406e-01    0.0865
4.175    2.2557063e-01    0.0848
4.225    2.2588729e-01    0.0846
4.275    2.2630305e-01    0.0843
4.325    2.2687012e-01    0.0852
4.375    2.2705971e-01    0.0847
4.425    2.2739705e-01    0.0840
4.475    2.2778106e-01    0.0835
4.525    2.2813790e-01    0.0850
4.575    2.2882146e-01    0.0852
4.625    2.2904354e-01    0.0843
4.675    2.2937841e-01    0.0848
4.725    2.2977777e-01    0.0845
4.775    2.2992812e-01    0.0821
4.825    2.3044451e-01    0.0828
4.875    2.3096341e-01    0.0847
4.925    2.3138704e-01    0.0845
4.975    2.3164877e-01    0.0835
5.025    2.3188363e-01    0.0814
5.075    2.3250943e-01    0.0837
5.125    2.3289886e-01    0.0827
5.175    2.3333048e-01    0.0838
5.225    2.3353216e-01    0.0814
5.275    2.3396191e-01    0.0817
5.325    2.3455434e-01    0.0836
5.375    2.3485163e-01    0.0814
5.425    2.3539015e-01    0.0825
5.475    2.3589909e-01    0.0828
5.525    2.3608220e-01    0.0816
5.575    2.3665428e-01    0.0834
5.625    2.3690319e-01    0.0807
5.675    2.3740396e-01    0.0815
5.725    2.3795703e-01    0.0818
5.775    2.3818648e-01    0.0811
5.825    2.3866476e-01    0.0812
5.875    2.3912041e-01    0.0815
5.925    2.3958221e-01    0.0815
5.975    2.4002975e-01    0.0818
6.025    2.4047262e-01    0.0817
6.075    2.4079802e-01    0.0805
6.125    2.4122959e-01    0.0807
6.175    2.4165833e-01    0.0800
6.225    2.4217173e-01    0.0816
6.275    2.4253574e-01    0.0801
6.325    2.4295860e-01    0.0804
6.375    2.4333191e-01    0.0784
6.425    2.4399002e-01    0.0803
6.475    2.4435659e-01    0.0793
6.525    2.4475607e-01    0.0786
6.575    2.4501064e-01    0.0764
6.625    2.4568147e-01    0.0779
6.675    2.4593852e-01    0.0781
6.725    2.4633755e-01    0.0767
6.775    2.4698532e-01    0.0784
6.825    2.4744121e-01    0.0772
6.875    2.4803184e-01    0.0778
6.925    2.4840696e-01    0.0773
6.975    2.4894866e-01    0.0779
7.025    2.4941399e-01    0.0778
7.075    2.4981323e-01    0.0765
7.125    2.5049436e-01    0.0767
7.175    2.5103940e-01    0.0774
7.225    2.5138610e-01    0.0758
7.275    2.5182647e-01    0.0757
7.325    2.5249251e-01    0.0768
7.375    2.5293270e-01    0.0762
7.425    2.5325749e-01    0.0751
7.475    2.5386423e-01    0.0754
7.525    2.5442487e-01    0.0751
7.575    2.5484294e-01    0.0743
7.625    2.5530811e-01    0.0737
7.675    2.5580973e-01    0.0739
7.725    2.5652744e-01    0.0746
7.775    2.5713905e-01    0.0750
7.825    2.5772403e-01    0.0738
7.875    2.5836005e-01    0.0750
7.925    2.5908549e-01    0.0762
7.975    2.5950198e-01    0.0744
8.025    2.6012182e-01    0.0739
8.075    2.6053496e-01    0.0728
8.125    2.6130596e-01    0.0746
8.175    2.6196103e-01    0.0746
8.225    2.6239199e-01    0.0733
8.275    2.6315367e-01    0.0746
8.325    2.6376905e-01    0.0739
8.375    2.6420757e-01    0.0722
8.425    2.6493103e-01    0.0724
8.475    2.6549793e-01    0.0722
8.525    2.6619512e-01    0.0724
8.575    2.6689337e-01    0.0738
8.625    2.6756624e-01    0.0723
8.675    2.6826565e-01    0.0715
8.725    2.6860225e-01    0.0703
8.775    2.6951664e-01    0.0719
8.825    2.7031736e-01    0.0730
8.875    2.7104886e-01    0.0722
8.925    2.7157633e-01    0.0698
8.975    2.7231644e-01    0.0701
9.025    2.7279302e-01    0.0687
9.075    2.7373431e-01    0.0703
9.125    2.7455219e-01    0.0703
9.175    2.7499431e-01    0.0686
9.225    2.7593767e-01    0.0699
9.275    2.7675780e-01    0.0700
9.325    2.7736778e-01    0.0686
9.375    2.7834306e-01    0.0689
9.425    2.7919100e-01    0.0696
9.475    2.7985940e-01    0.0696
9.525    2.8048468e-01    0.0676
9.575    2.8144974e-01    0.0683
9.625    2.8239866e-01    0.0690
9.675    2.8296241e-01    0.0670
9.725    2.8402919e-01    0.0682
9.775    2.8467212e-01    0.0683
9.825    2.8569066e-01    0.0688
9.875    2.8647980e-01    0.0668
9.925    2.8741194e-01    0.0670
9.975    2.8838516e-01    0.0671
10.025   2.8929045e-01    0.0665
10.075   2.9019615e-01    0.0669
10.125   2.9113919e-01    0.0667
10.175   2.9202031e-01    0.0655
10.225   2.9274723e-01    0.0643
10.275   2.9397336e-01    0.0655
10.325   2.9493999e-01    0.0649
10.375   2.9597878e-01    0.0651
10.425   2.9703099e-01    0.0654
10.475   2.9822960e-01    0.0658
10.525   2.9933022e-01    0.0654
10.575   3.0016548e-01    0.0634
10.625   3.0129047e-01    0.0638
10.675   3.0236703e-01    0.0636
10.725   3.0357821e-01    0.0633
10.775   3.0476281e-01    0.0634
10.825   3.0602017e-01    0.0635
10.875   3.0723947e-01    0.0629
10.925   3.0828571e-01    0.0630
10.975   3.0949140e-01    0.0622
11.025   3.1077596e-01    0.0623
11.075   3.1215425e-01    0.0620
11.125   3.1357530e-01    0.0618
11.175   3.1472836e-01    0.0606
11.225   3.1642693e-01    0.0630
11.275   3.1753961e-01    0.0611
11.325   3.1897779e-01    0.0603
11.375   3.2048972e-01    0.0613
11.425   3.2201229e-01    0.0602
11.475   3.2358867e-01    0.0615
11.525   3.2523449e-01    0.0616
11.575   3.2651579e-01    0.0594
11.625   3.2815256e-01    0.0593
11.675   3.2988545e-01    0.0596
11.725   3.3163745e-01    0.0600
11.775   3.3332762e-01    0.0589
11.825   3.3489744e-01    0.0580
11.875   3.3695331e-01    0.0588
11.925   3.3879609e-01    0.0584
11.975   3.4055071e-01    0.0578
12.025   3.4261088e-01    0.0582
12.075   3.4455132e-01    0.0580
12.125   3.4651973e-01    0.0571
12.175   3.4857609e-01    0.0563
12.225   3.5104905e-01    0.0581
12.275   3.5308736e-01    0.0563
12.325   3.5526712e-01    0.0558
12.375   3.5781118e-01    0.0571
12.425   3.6008634e-01    0.0554
12.475   3.6267717e-01    0.0554
12.525   3.6537919e-01    0.0552
12.575   3.6817491e-01    0.0557
12.625   3.7098532e-01    0.0552
12.675   3.7387430e-01    0.0548
12.725   3.7685818e-01    0.0543
12.775   3.7995572e-01    0.0544
12.825   3.8304794e-01    0.0537
12.875   3.8613710e-01    0.0529
12.925   3.8967427e-01    0.0534
12.975   3.9305161e-01    0.0530
13.025   3.9696125e-01    0.0536
13.075   4.0064211e-01    0.0533
13.125   4.0436050e-01    0.0525
13.175   4.0849631e-01    0.0530
13.225   4.1272932e-01    0.0529
13.275   4.1746061e-01    0.0537
13.325   4.2191937e-01    0.0530
13.375   4.2686246e-01    0.0534
13.425   4.3177282e-01    0.0535
13.475   4.3674067e-01    0.0529
13.525   4.4235012e-01    0.0529
13.575   4.4803175e-01    0.0528
13.625   4.5351911e-01    0.0517
13.675   4.5980303e-01    0.0517
13.725   4.6602448e-01    0.0505
13.775   4.7282645e-01    0.0500
13.825   4.8022101e-01    0.0495
13.875   4.8765330e-01    0.0487
13.925   4.9596346e-01    0.0480
13.975   5.0512553e-01    0.0483
14.025   5.1435071e-01    0.0476
14.075   5.2425903e-01    0.0468
14.125   5.3517351e-01    0.0462
14.175   5.4722571e-01    0.0464
14.225   5.5987239e-01    0.0456
14.275   5.7402288e-01    0.0456
14.325   5.8935811e-01    0.0456
14.375   6.0611987e-01    0.0454
14.425   6.2475027e-01    0.0455
14.475   6.4546466e-01    0.0455
14.525   6.6853216e-01    0.0455
14.575   6.9498707e-01    0.0458
14.625   7.2517224e-01    0.0463
14.675   7.5959477e-01    0.0469
14.725   7.9946526e-01    0.0478
14.775   8.4428358e-01    0.0491
14.825   8.9204844e-01    0.0508
14.875   9.3930216e-01    0.0529
14.925   9.7883917e-01    0.0558
14.975   1.0000000e+00    0.0597
15.025   9.9251974e-01    0.0650
15.075   9.4585908e-01    0.0724
15.125   8.5704441e-01    0.0827
15.175   7.3239732e-01    0.0967
15.225   5.8466179e-01    0.1162
15.275   4.3324124e-01    0.1432
15.325   2.9619595e-01    0.1816
15.375   1.8592151e-01    0.2375
15.425   1.0640771e-01    0.3216
15.475   5.5653118e-02    0.4524
15.525   2.6544548e-02    0.6620
15.575   1.1736572e-02    1.0033
15.625   5.0827244e-03    1.5367
15.675   2.3668630e-03    2.2515
15.725   1.4056805e-03    3.0891
15.775   1.0351689e-03    3.3926
15.825   1.0038810e-03    3.5545
15.875   1.0023966e-03    3.5637
15.925   9.9652559e-04    3.7083
15.975   9.4326843e-04    3.6997
16.025   9.6120089e-04    3.7012
16.075   9.4780583e-04    3.8571
16.125   8.8207228e-04    3.6363
16.175   9.3300775e-04    3.7352
16.225   9.1941000e-04    3.6054
16.275   8.8999588e-04    3.5765
16.325   9.0742966e-04    3.7633
16.375   8.9391498e-04    3.8922
16.425   8.8278423e-04    3.6793
16.475   8.9817940e-04    3.7681
16.525   8.6807694e-04    3.8549
16.575   8.6842659e-04    3.7938
16.625   8.6465400e-04    3.8662
16.675   8.4326660e-04    3.8620
16.725   8.7089513e-04    3.8610
16.775   8.6642681e-04    3.8244
16.825   8.7195990e-04    3.7879
16.875   8.6349001e-04    3.8212
16.925   8.5006344e-04    3.8972
16.975   8.2400190e-04    3.9848
17.025   8.0738334e-04    3.8378
17.075   8.2259852e-04    4.0438
17.125   8.2264515e-04    4.0587
17.175   8.3060803e-04    4.1292
17.225   8.1330173e-04    4.0422
17.275   8.2707399e-04    4.0429
17.325   7.6263909e-04    4.2453
17.375   7.6071648e-04    4.0791
17.425   8.0033302e-04    4.2509
17.475   7.5397460e-04    3.9629
17.525   7.8167990e-04    4.0170
17.575   7.5072841e-04    4.0099
17.625   7.7732365e-04    3.9959
17.675   7.7083062e-04    4.1700
17.725   7.4921243e-04    4.0048
17.775   7.4543855e-04    4.0933
17.825   7.4102038e-04    4.2615
17.875   7.6315452e-04    4.1992
17.925   7.6253877e-04    4.0338
17.975   7.3238386e-04    4.0796
18.025   7.3307403e-04    4.0890
18.075   7.0344520e-04    4.1487
18.125   7.4829282e-04    4.2805
18.175   7.4288351e-04    4.1931
18.225   7.4361550e-04    4.1323
18.275   7.4663628e-04    4.3243
18.325   7.3872607e-04    4.1074
18.375   7.4252254e-04    4.2129
18.425   7.0704783e-04    4.2701
18.475   6.9218603e-04    4.1521
18.525   7.3481316e-04    4.4191
18.575   7.2539163e-04    4.2471
18.625   7.0884690e-04    4.1887
18.675   7.0689628e-04    4.2934
18.725   6.8677930e-04    4.4058
18.775   6.7327757e-04    4.2303
18.825   6.8050334e-04    4.4913
18.875   6.6829796e-04    4.4667
18.925   6.8253336e-04    4.5200
18.975   6.7992591e-04    4.3795
19.025   6.4049931e-04    4.4777
19.075   6.2185660e-04    4.7278
19.125   6.1710780e-04    4.3572
19.175   6.4053829e-04    4.6514
19.225   6.4062017e-04    4.6919
19.275   6.5548534e-04    4.6474
19.325   6.4497364e-04    4.5856
19.375   6.6037718e-04    4.7653
19.425   6.1449594e-04    4.4986
19.475   6.2406149e-04    4.8122
19.525   6.3559637e-04    4.7603
19.575   6.0926254e-04    4.7352
19.625   6.3401828e-04    4.6729
19.675   6.1146780e-04    4.7816
19.725   6.3042470e-04    4.5142
19.775   6.0795558e-04    4.6277
19.825   6.3357465e-04    4.8121
19.875   6.2925674e-04    4.5422
19.925   5.9916189e-04    4.5178
19.975   6.1607764e-04    4.6577
20.025   5.6959634e-04    4.6610
20.075   5.5905114e-04    4.3647
20.125   5.9000669e-04    4.4449
20.175   6.1600321e-04    4.8949
20.225   5.6078552e-04    4.7795
20.275   5.4315603e-04    4.4780
20.325   5.7322875e-04    4.5839
20.375   6.0686250e-04    4.7607
20.425   5.5369463e-04    4.5594
20.475   5.8957467e-04    4.8542
20.525   5.7644098e-04    4.6599
20.575   5.8292703e-04    4.7942
20.625   5.4277531e-04    4.6063
20.675   5.4269156e-04    4.5326
20.725   5.8028582e-04    4.8829
20.775   5.6617472e-04    4.6702
20.825   5.4640744e-04    4.8092
20.875   5.8052426e-04    5.2345
20.925   5.3934232e-04    4.9257
20.975   5.4852636e-04    4.7453
21.025   5.4531821e-04    5.0247
21.075   5.4304331e-04    5.1383
21.125   5.4060347e-04    4.9314
21.175   5.3863860e-04    4.9598
21.225   5.6854499e-04    5.0305
21.275   5.3797964e-04    5.1028
21.325   5.0792111e-04    4.8679
21.375   5.3019231e-04    4.7364
21.425   5.2760296e-04    4.7833
21.475   5.4618781e-04    5.1611
21.525   5.1381907e-04    5.1875
21.575   5.1575247e-04    5.2453
21.625   5.1474431e-04    4.9478
21.675   5.4005374e-04    4.9152
21.725   5.3263469e-04    5.0840
21.775   5.0586707e-04    5.3208
21.825   4.9453780e-04    5.4408
21.875   4.8802920e-04    4.9565
21.925   4.7701068e-04    4.9524
21.975   4.9313889e-04    4.9541
22.025   4.8228539e-04    5.2607
22.075   4.8132715e-04    5.1858
22.125   4.7039032e-04    5.2104
22.175   4.8863080e-04    4.9718
22.225   4.8630269e-04    5.3529
22.275   4.7978861e-04    5.0985
22.325   4.9113171e-04    5.1109
22.375   4.7648669e-04    5.2581
22.425   4.7289374e-04    5.2580
22.475   4.7248502e-04    5.0415
22.525   4.5607629e-04    5.2551
22.575   4.6781000e-04    5.2034
22.625   4.6089785e-04    5.0274
22.675   4.8043826e-04    5.1584
22.725   4.5714066e-04    5.0754
22.775   4.6573035e-04    5.4668
22.825   4.7130621e-04    5.6793
22.875   4.6990185e-04    5.5203
22.925   4.5628812e-04    5.7436
22.975   4.2395511e-04    5.3739
23.025   4.3227823e-04    5.5563
23.075   4.5655221e-04    5.5994
23.125   4.4426934e-04    6.1617
23.175   4.3061773e-04    5.4003
23.225   4.3884038e-04    5.3523
23.275   4.3540083e-04    5.7179
23.325   4.2898005e-04    5.5483
23.375   4.1819170e-04    5.4668
23.425   4.3890841e-04    5.6283
23.475   4.5390011e-04    6.0681
23.525   4.1507192e-04    5.7580
23.575   3.9312926e-04    5.6904
23.625   4.2437710e-04    5.8100
23.675   4.0920688e-04    5.7655
23.725   3.9650451e-04    5.7567
23.775   3.8715122e-04    5.5838
23.825   3.9888121e-04    5.8016
23.875   3.8791980e-04    5.7187
23.925   4.0357842e-04    5.9378
23.975   3.8809877e-04    5.9103
24.025   3.9405291e-04    5.7661
24.075   3.9351555e-04    5.6616
24.125   3.7469171e-04    5.4736
24.175   3.9284743e-04    5.6563
24.225   3.9577079e-04    5.6383
24.275   4.0613769e-04    6.2792
24.325   3.9289912e-04    5.9320
24.375   3.8951911e-04    5.9805
24.425   3.7679367e-04    5.9882
24.475   3.7290856e-04    5.6462
24.525   4.0849784e-04    5.9874
24.575   3.8455264e-04    5.5567
24.625   3.7267590e-04    6.1743
24.675   3.3676147e-04    5.5449
24.725   3.6305326e-04    6.1335
24.775   3.8272724e-04    5.7703
24.825   3.7386297e-04    5.9372
24.875   3.5412410e-04    6.2335
24.925   3.6432185e-04    6.1271
24.975   3.5631188e-04    6.2527
25.025   3.4389157e-04    5.8113
25.075   3.5482582e-04    5.9162
25.125   3.3497039e-04    6.1290
25.175   3.4167173e-04    5.9047
25.225   3.6990123e-04    6.5380
25.275   3.3664545e-04    6.1895
25.325   3.5154614e-04    6.2754
25.375   3.4033996e-04    6.1520
25.425   3.5322177e-04    6.5594
25.475   3.6440052e-04    6.7156
25.525   3.2807649e-04    6.2987
25.575   3.2974081e-04    6.7359
25.625   3.1122028e-04    6.6166
25.675   3.0741935e-04    6.5536
25.725   3.2735667e-04    6.7238
25.775   3.2904002e-04    6.2612
25.825   3.1598109e-04    6.8880
25.875   2.9820244e-04    6.1471
25.925   3.2807258e-04    7.0775
25.975   3.2329292e-04    6.6546
26.025   3.3460643e-04    6.6652
26.075   3.1517557e-04    6.6155
26.125   3.1702664e-04    6.3767
26.175   3.3010517e-04    6.4605
26.225   3.0412352e-04    6.4359
26.275   2.9865823e-04    6.1324
26.325   2.8983621e-04    6.2570
26.375   3.0936242e-04    6.8411
26.425   3.2322193e-04    6.5048
26.475   2.9051127e-04    6.4144
26.525   3.0061967e-04    6.7707
26.575   3.1483659e-04    6.6267
26.625   3.0230064e-04    6.9262
26.675   3.1746980e-04    6.5457
26.725   3.0918652e-04    6.7305
26.775   3.1535065e-04    6.7482
26.825   3.1277947e-04    6.8336
26.875   3.0015439e-04    7.9883
26.925   3.0730987e-04    7.6056
26.975   3.0329739e-04    7.1262
27.025   3.0270673e-04    7.0940
27.075   3.1627734e-04    6.7934
27.125   2.8233728e-04    6.3244
27.175   2.8672088e-04    7.0690
27.225   2.9874047e-04    6.6057
27.275   2.8341223e-04    6.7175
27.325   3.0524194e-04    7.6705
27.375   2.8707651e-04    6.6934
27.425   3.0172094e-04    7.1525
27.475   2.8173824e-04    6.6176
27.525   2.8856058e-04    7.1907
27.575   2.8353376e-04    6.4622
27.625   2.9376427e-04    6.8481
27.675   2.9766955e-04    7.0301
27.725   2.8405141e-04    7.2235
27.775   2.7159674e-04    6.7032
27.825   2.8239845e-04    6.9364
27.875   2.8137000e-04    6.7714
27.925   2.8193027e-04    7.1442
27.975   2.8967853e-04    6.8696
28.025   2.7881697e-04    7.1522
28.075   2.5467875e-04    7.0493
28.125   2.7496065e-04    7.2825
28.175   2.6732300e-04    7.0533
28.225   2.3919487e-04    7.1512
28.275   2.4202378e-04    7.0684
28.325   2.3659504e-04    7.1058
28.375   2.4475857e-04    7.2352
28.425   2.5248283e-04    7.4755
28.475   2.6428891e-04    6.9229
28.525   2.4185884e-04    7.5005
28.575   2.5039264e-04    7.0660
28.625   2.3302157e-04    6.8133
28.675   2.3397411e-04    7.2472
28.725   2.5859392e-04    7.2072
28.775   2.4093753e-04    7.4102
28.825   2.4276119e-04    7.6992
28.875   2.4696489e-04    7.5572
28.925   2.2411425e-04    7.0782
28.975   2.3185518e-04    7.7548
29.025   2.3896961e-04    7.3017
29.075   2.1978419e-04    7.4248
29.125   2.0884297e-04    7.3356
29.175   2.5819311e-04    8.1242
29.225   2.4310606e-04    8.4021
29.275   2.4186777e-04    7.6857
29.325   2.4753671e-04    8.0415
29.375   2.4111954e-04    7.9985
29.425   2.3483227e-04    7.5120
29.475   2.4625147e-04    8.0446
29.525   2.3027729e-04    7.7453
29.575   2.2153381e-04    8.0291
29.625   2.3490909e-04    8.0316
29.675   2.3382792e-04    7.8672
29.725   2.1319301e-04    7.6739
29.775   2.3717879e-04    7.8878
29.825   2.2574025e-04    7.9446
29.875   2.2718282e-04    7.6489
29.925   2.0190119e-04    7.7098
29.975   2.0722017e-04    7.6349
30.025   2.2303021e-04    7.5045
30.075   2.2407298e-04    7.5007
30.125   2.4996039e-04    7.9886
30.175   2.5018998e-04    8.5129
30.225   2.2806922e-04    7.2455
30.275   2.3066659e-04    8.3897
30.325   2.2859491e-04    8.2019
30.375   2.3254004e-04    8.4997
30.425   2.1230425e-04    8.2953
30.475   2.0337833e-04    7.7160
30.525   2.1068141e-04    7.7311
30.575   2.2014564e-04    8.2495
30.625   1.9732500e-04    7.7965
30.675   2.0039655e-04    7.6659
30.725   1.9451709e-04    8.1596
30.775   2.0820479e-04    8.3715
30.825   1.8885989e-04    7.0103
30.875   2.0511069e-04    8.3443
30.925   2.1710555e-04    8.3069
30.975   2.0714059e-04    7.9264
31.025   2.1065204e-04    7.7445
31.075   2.1767926e-04    8.3583
31.125   2.1008714e-04    8.0972
31.175   1.9493588e-04    7.9162
31.225   1.9794903e-04    8.0132
31.275   1.8911587e-04    7.4300
31.325   1.7999740e-04    7.4433
31.375   2.1018985e-04    8.3818
31.425   2.0135028e-04    7.5613
31.475   1.9549091e-04    7.7083
31.525   2.0054459e-04    8.5508
31.575   1.9729916e-04    8.0117
31.625   2.1114574e-04    7.8158
31.675   2.0242982e-04    7.5146
31.725   2.0868448e-04    7.9078
31.775   2.1098686e-04    8.4030
31.825   2.0586861e-04    8.2310
31.875   2.1890544e-04    8.6961
31.925   1.8156238e-04    7.7883
31.975   1.8956964e-04    7.7909
32.025   1.9755780e-04    8.3482
32.075   1.7660431e-04    7.6960
32.125   1.9307269e-04    8.6507
32.175   1.8282665e-04    8.0967
32.225   1.8087549e-04    7.9981
32.275   1.8406858e-04    8.3228
32.325   1.8687370e-04    8.7833
32.375   1.9416806e-04    8.7767
32.425   1.9291353e-04    8.7855
32.475   1.7979394e-04    7.9635
32.525   1.7829766e-04    8.9586
32.575   1.7009331e-04    8.6552
32.625   1.6870388e-04    8.2524
32.675   1.8150142e-04    8.9876
32.725   1.7505713e-04    9.0751
32.775   1.6434843e-04    9.0012
32.825   1.5739822e-04    9.8868
32.875   1.5697993e-04    7.8253
32.925   1.6168343e-04    8.1745
32.975   1.7156426e-04    8.8306
33.025   1.8163475e-04    8.1046
33.075   1.7508023e-04    8.4166
33.125   1.6457888e-04    8.5094
33.175   1.5950418e-04    8.1680
33.225   1.6493925e-04    8.0654
33.275   1.8068795e-04    8.5356
33.325   1.8335909e-04    9.8960
33.375   1.5612099e-04    8.9831
33.425   1.8196043e-04    8.3790
33.475   1.6459264e-04    8.4967
33.525   1.4865307e-04    8.2521
33.575   1.6741303e-04    9.3020
33.625   1.6864221e-04    9.3721
33.675   1.5938106e-04    9.0825
33.725   1.5958991e-04    9.1620
33.775   1.6247341e-04    9.1778
33.825   1.6270889e-04    8.4314
33.875   1.6732608e-04    10.1567
33.925   1.6394212e-04    9.3527
33.975   1.5456663e-04    9.0601
34.025   1.4507058e-04    9.4494
34.075   1.5334093e-04    10.5338
34.125   1.5221231e-04    10.3024
34.175   1.4909465e-04    9.4542
34.225   1.5375466e-04    9.7167
34.275   1.6027888e-04    10.7428
34.325   1.4381686e-04    9.5190
34.375   1.3757102e-04    9.3543
34.425   1.3551027e-04    9.5139
34.475   1.3319660e-04    8.9416
34.525   1.4358970e-04    9.2392
34.575   1.4570488e-04    8.9488
34.625   1.4765479e-04    8.9876
34.675   1.4866262e-04    9.3512
34.725   1.3879758e-04    8.2077
34.775   1.5011313e-04    10.3261
34.825   1.4746686e-04    9.4450
34.875   1.4582156e-04    9.3123
34.925   1.4990278e-04    10.9957
34.975   1.5108030e-04    9.5596
35.025   1.4089394e-04    9.4185
35.075   1.4496050e-04    10.0439
35.125   1.3758227e-04    9.9264
35.175   1.2963627e-04    10.2737
35.225   1.4547972e-04    10.5460
35.275   1.4464683e-04    10.7070
35.325   1.2952739e-04    10.5545
35.375   1.4214593e-04    11.9040
35.425   1.3358427e-04    10.9249
35.475   1.1553342e-04    10.1826
35.525   1.3634574e-04    10.5978
35.575   1.3299805e-04    10.6020
35.625   1.2295874e-04    9.0809
35.675   1.4819052e-04    12.3179
35.725   1.4733070e-04    10.8741
35.775   1.3473430e-04    9.4375
35.825   1.4195726e-04    10.4247
35.875   1.4270107e-04    10.5332
35.925   1.3370278e-04    9.4885
35.975   1.2322042e-04    8.6351
36.025   1.4287620e-04    10.5940
36.075   1.3083590e-04    9.5597
36.125   1.3525376e-04    9.6687
36.175   1.3531273e-04    12.2845
36.225   1.1837672e-04    9.3898
36.275   1.1874221e-04    9.4847
36.325   1.2836348e-04    10.0066
36.375   1.2046037e-04    10.8048
36.425   1.3152803e-04    10.2671
36.475   1.3496363e-04    9.4545
36.525   1.3339712e-04    10.2979
36.575   1.0529065e-04    9.3595
36.625   1.1519743e-04    10.6609
36.675   1.1895343e-04    10.4260
36.725   1.3248584e-04    10.4080
36.775   1.2767123e-04    10.6870
36.825   1.3119025e-04    10.9585
36.875   1.3611669e-04    11.5232
36.925   1.1858499e-04    11.4088
36.975   1.2326997e-04    11.3751
37.025   1.1431375e-04    10.5141
37.075   1.1988994e-04    9.6060
37.125   1.1878245e-04    11.3495
37.175   1.1541465e-04    10.9342
37.225   1.2009333e-04    11.9324
37.275   1.1717660e-04    10.3775
37.325   1.2254019e-04    10.8202
37.375   1.1369269e-04    10.6986
37.425   1.1605647e-04    10.9466
37.475   1.2567320e-04    9.7955
37.525   1.1425104e-04    10.0286
37.575   1.3697379e-04    11.7206
37.625   1.1767430e-04    10.7320
37.675   1.1647503e-04    11.1503
37.725   1.1133726e-04    10.0665
37.775   9.6402887e-05    10.8925
37.825   1.0644545e-04    10.2290
37.875   1.1034327e-04    10.6754
37.925   1.2463002e-04    11.9083
37.975   1.1698929e-04    11.2227
38.025   1.1451072e-04    10.9842
38.075   1.1557712e-04    11.8374
38.125   9.5025899e-05    10.2402
38.175   1.0361468e-04    11.1516
38.225   1.1583298e-04    10.8728
38.275   1.0604473e-04    10.1575
38.325   1.1708181e-04    11.0913
38.375   1.0559105e-04    10.4037
38.425   1.2241464e-04    11.3076
38.475   1.1975471e-04    11.6825
38.525   1.0904768e-04    10.3983
38.575   1.0792108e-04    10.1282
38.625   1.1524991e-04    10.9373
38.675   1.2450718e-04    12.0072
38.725   1.1166923e-04    10.5721
38.775   9.6305484e-05    10.2523
38.825   1.0492489e-04    12.1263
38.875   1.0386913e-04    11.0336
38.925   1.0112127e-04    10.8725
38.975   1.1616516e-04    12.2810
39.025   1.1031043e-04    11.3239
39.075   9.4971020e-05    11.9217
39.125   9.7806511e-05    11.5674
39.175   1.0169679e-04    10.9868
39.225   9.7920055e-05    10.1502
39.275   9.7841845e-05    12.1830
39.325   9.4170682e-05    11.2421
39.375   9.4319919e-05    12.3945
39.425   9.9236995e-05    11.9919
39.475   9.8120991e-05    12.0354
39.525   1.0192627e-04    12.1876
39.575   9.1917355e-05    12.2845
39.625   1.0458443e-04    11.9325
39.675   9.1659631e-05    12.4049
39.725   1.0574608e-04    11.5028
39.775   1.0277793e-04    13.0605
39.825   9.5371662e-05    11.6750
39.875   8.8074138e-05    12.1215
39.925   9.5858945e-05    14.1803
39.975   9.3965184e-05    11.5118
