SOBP group - Emax: 150 MeV - Width (X): 30%
Energy of the incident proton beam: 140.881 MeV
Depth (cm)  |  EnergyDeposit (a.u.)  |  Error (%)
0.025    1.8606231e-01    0.0855
0.075    1.9066530e-01    0.0864
0.125    1.9167792e-01    0.0901
0.175    1.9224337e-01    0.0896
0.225    1.9302768e-01    0.0901
0.275    1.9341324e-01    0.0884
0.325    1.9418529e-01    0.0914
0.375    1.9493193e-01    0.0927
0.425    1.9531977e-01    0.0930
0.475    1.9581615e-01    0.0908
0.525    1.9630007e-01    0.0928
0.575    1.9700469e-01    0.0949
0.625    1.9731774e-01    0.0926
0.675    1.9749658e-01    0.0886
0.725    1.9803855e-01    0.0895
0.775    1.9865862e-01    0.0943
0.825    1.9932030e-01    0.0950
0.875    1.9964121e-01    0.0926
0.925    2.0024197e-01    0.0947
0.975    2.0050431e-01    0.0922
1.025    2.0103595e-01    0.0924
1.075    2.0137983e-01    0.0920
1.125    2.0180289e-01    0.0928
1.175    2.0211252e-01    0.0923
1.225    2.0271318e-01    0.0936
1.275    2.0287386e-01    0.0907
1.325    2.0343559e-01    0.0924
1.375    2.0411321e-01    0.0952
1.425    2.0442331e-01    0.0937
1.475    2.0473512e-01    0.0926
1.525    2.0504268e-01    0.0929
1.575    2.0550610e-01    0.0927
1.625    2.0586502e-01    0.0919
1.675    2.0619008e-01    0.0915
1.725    2.0662587e-01    0.0924
1.775    2.0705477e-01    0.0920
1.825    2.0758282e-01    0.0927
1.875    2.0805344e-01    0.0940
1.925    2.0836707e-01    0.0934
1.975    2.0862439e-01    0.0918
2.025    2.0895267e-01    0.0921
2.075    2.0906713e-01    0.0878
2.125    2.0991927e-01    0.0935
2.175    2.1002085e-01    0.0911
2.225    2.1055616e-01    0.0929
2.275    2.1090959e-01    0.0914
2.325    2.1134323e-01    0.0913
2.375    2.1162303e-01    0.0909
2.425    2.1199837e-01    0.0908
2.475    2.1220801e-01    0.0899
2.525    2.1248402e-01    0.0881
2.575    2.1310303e-01    0.0905
2.625    2.1347335e-01    0.0908
2.675    2.1368692e-01    0.0890
2.725    2.1410512e-01    0.0907
2.775    2.1456082e-01    0.0915
2.825    2.1508755e-01    0.0911
2.875    2.1531521e-01    0.0886
2.925    2.1592773e-01    0.0923
2.975    2.1629083e-01    0.0901
3.025    2.1642879e-01    0.0880
3.075    2.1683526e-01    0.0880
3.125    2.1712088e-01    0.0889
3.175    2.1770497e-01    0.0907
3.225    2.1798836e-01    0.0897
3.275    2.1808382e-01    0.0855
3.325    2.1859159e-01    0.0882
3.375    2.1902403e-01    0.0879
3.425    2.1925614e-01    0.0862
3.475    2.1980276e-01    0.0873
3.525    2.2023921e-01    0.0876
3.575    2.2070629e-01    0.0883
3.625    2.2092758e-01    0.0869
3.675    2.2135788e-01    0.0878
3.725    2.2167307e-01    0.0869
3.775    2.2192487e-01    0.0851
3.825    2.2240467e-01    0.0859
3.875    2.2268795e-01    0.0862
3.925    2.2318669e-01    0.0860
3.975    2.2375411e-01    0.0871
4.025    2.2385712e-01    0.0841
4.075    2.2434894e-01    0.0860
4.125    2.2476822e-01    0.0852
4.175    2.2500644e-01    0.0848
4.225    2.2548873e-01    0.0858
4.275    2.2581957e-01    0.0851
4.325    2.2644611e-01    0.0862
4.375    2.2639012e-01    0.0821
4.425    2.2714741e-01    0.0845
4.475    2.2749457e-01    0.0838
4.525    2.2801587e-01    0.0853
4.575    2.2827990e-01    0.0844
4.625    2.2873476e-01    0.0835
4.675    2.2913932e-01    0.0831
4.725    2.2954679e-01    0.0827
4.775    2.2989276e-01    0.0819
4.825    2.3061083e-01    0.0846
4.875    2.3095505e-01    0.0842
4.925    2.3133468e-01    0.0832
4.975    2.3177821e-01    0.0827
5.025    2.3232997e-01    0.0834
5.075    2.3280865e-01    0.0847
5.125    2.3302160e-01    0.0817
5.175    2.3332496e-01    0.0806
5.225    2.3385681e-01    0.0819
5.275    2.3441286e-01    0.0822
5.325    2.3497648e-01    0.0826
5.375    2.3530947e-01    0.0814
5.425    2.3591495e-01    0.0826
5.475    2.3616583e-01    0.0809
5.525    2.3679441e-01    0.0821
5.575    2.3710444e-01    0.0808
5.625    2.3763844e-01    0.0807
5.675    2.3810538e-01    0.0795
5.725    2.3869313e-01    0.0808
5.775    2.3910278e-01    0.0799
5.825    2.3953436e-01    0.0810
5.875    2.3993875e-01    0.0791
5.925    2.4042582e-01    0.0786
5.975    2.4096220e-01    0.0790
6.025    2.4155083e-01    0.0802
6.075    2.4198742e-01    0.0797
6.125    2.4242357e-01    0.0789
6.175    2.4300396e-01    0.0786
6.225    2.4372033e-01    0.0803
6.275    2.4419653e-01    0.0797
6.325    2.4453442e-01    0.0789
6.375    2.4514364e-01    0.0792
6.425    2.4560114e-01    0.0792
6.475    2.4593635e-01    0.0780
6.525    2.4630522e-01    0.0765
6.575    2.4689159e-01    0.0764
6.625    2.4734231e-01    0.0759
6.675    2.4787456e-01    0.0756
6.725    2.4855658e-01    0.0769
6.775    2.4903365e-01    0.0761
6.825    2.4973845e-01    0.0770
6.875    2.5016611e-01    0.0757
6.925    2.5088007e-01    0.0765
6.975    2.5135976e-01    0.0767
7.025    2.5185158e-01    0.0747
7.075    2.5264055e-01    0.0758
7.125    2.5307445e-01    0.0744
7.175    2.5393854e-01    0.0767
7.225    2.5439257e-01    0.0754
7.275    2.5515212e-01    0.0759
7.325    2.5558519e-01    0.0746
7.375    2.5613969e-01    0.0748
7.425    2.5671518e-01    0.0740
7.475    2.5739991e-01    0.0743
7.525    2.5792737e-01    0.0730
7.575    2.5838115e-01    0.0722
7.625    2.5919504e-01    0.0736
7.675    2.5984355e-01    0.0733
7.725    2.6049550e-01    0.0732
7.775    2.6137890e-01    0.0739
7.825    2.6202160e-01    0.0742
7.875    2.6281162e-01    0.0750
7.925    2.6322678e-01    0.0724
7.975    2.6402492e-01    0.0721
8.025    2.6483385e-01    0.0722
8.075    2.6553991e-01    0.0736
8.125    2.6594855e-01    0.0705
8.175    2.6674208e-01    0.0713
8.225    2.6791075e-01    0.0735
8.275    2.6829589e-01    0.0715
8.325    2.6906224e-01    0.0712
8.375    2.6985856e-01    0.0711
8.425    2.7066185e-01    0.0708
8.475    2.7143756e-01    0.0712
8.525    2.7214626e-01    0.0696
8.575    2.7318133e-01    0.0719
8.625    2.7364770e-01    0.0689
8.675    2.7443374e-01    0.0698
8.725    2.7533661e-01    0.0699
8.775    2.7615867e-01    0.0690
8.825    2.7698659e-01    0.0693
8.875    2.7782240e-01    0.0686
8.925    2.7872189e-01    0.0688
8.975    2.7950963e-01    0.0691
9.025    2.8043205e-01    0.0682
9.075    2.8108434e-01    0.0666
9.125    2.8211354e-01    0.0674
9.175    2.8301232e-01    0.0664
9.225    2.8400821e-01    0.0669
9.275    2.8521015e-01    0.0679
9.325    2.8588676e-01    0.0665
9.375    2.8701553e-01    0.0673
9.425    2.8801016e-01    0.0668
9.475    2.8925283e-01    0.0670
9.525    2.9011560e-01    0.0662
9.575    2.9131770e-01    0.0671
9.625    2.9224839e-01    0.0660
9.675    2.9321939e-01    0.0655
9.725    2.9442516e-01    0.0659
9.775    2.9544504e-01    0.0658
9.825    2.9663917e-01    0.0646
9.875    2.9790106e-01    0.0643
9.925    2.9906810e-01    0.0647
9.975    3.0052641e-01    0.0655
10.025   3.0156074e-01    0.0638
10.075   3.0285221e-01    0.0637
10.125   3.0400588e-01    0.0637
10.175   3.0523092e-01    0.0632
10.225   3.0657115e-01    0.0628
10.275   3.0783223e-01    0.0625
10.325   3.0928763e-01    0.0627
10.375   3.1049049e-01    0.0613
10.425   3.1213117e-01    0.0619
10.475   3.1342579e-01    0.0614
10.525   3.1503589e-01    0.0619
10.575   3.1672538e-01    0.0619
10.625   3.1813637e-01    0.0614
10.675   3.1973393e-01    0.0614
10.725   3.2139980e-01    0.0613
10.775   3.2304086e-01    0.0601
10.825   3.2467129e-01    0.0600
10.875   3.2642434e-01    0.0597
10.925   3.2824800e-01    0.0599
10.975   3.3000196e-01    0.0590
11.025   3.3194843e-01    0.0593
11.075   3.3397898e-01    0.0593
11.125   3.3595726e-01    0.0597
11.175   3.3777112e-01    0.0586
11.225   3.3970754e-01    0.0575
11.275   3.4204231e-01    0.0584
11.325   3.4432376e-01    0.0581
11.375   3.4660548e-01    0.0581
11.425   3.4895231e-01    0.0579
11.475   3.5124439e-01    0.0573
11.525   3.5373005e-01    0.0565
11.575   3.5652275e-01    0.0575
11.625   3.5895843e-01    0.0558
11.675   3.6183480e-01    0.0560
11.725   3.6462018e-01    0.0557
11.775   3.6745569e-01    0.0553
11.825   3.7058560e-01    0.0569
11.875   3.7341307e-01    0.0548
11.925   3.7666764e-01    0.0546
11.975   3.7991761e-01    0.0542
12.025   3.8326149e-01    0.0542
12.075   3.8695754e-01    0.0544
12.125   3.9044847e-01    0.0537
12.175   3.9425289e-01    0.0538
12.225   3.9820450e-01    0.0538
12.275   4.0237773e-01    0.0537
12.325   4.0677082e-01    0.0541
12.375   4.1129372e-01    0.0539
12.425   4.1618816e-01    0.0544
12.475   4.2089691e-01    0.0540
12.525   4.2597147e-01    0.0541
12.575   4.3125522e-01    0.0538
12.625   4.3659983e-01    0.0530
12.675   4.4227085e-01    0.0525
12.725   4.4841613e-01    0.0523
12.775   4.5495562e-01    0.0526
12.825   4.6122478e-01    0.0508
12.875   4.6828737e-01    0.0504
12.925   4.7569513e-01    0.0495
12.975   4.8399979e-01    0.0492
13.025   4.9269653e-01    0.0489
13.075   5.0162189e-01    0.0478
13.125   5.1174415e-01    0.0476
13.175   5.2228721e-01    0.0470
13.225   5.3387325e-01    0.0466
13.275   5.4642293e-01    0.0463
13.325   5.6012893e-01    0.0462
13.375   5.7529440e-01    0.0462
13.425   5.9184965e-01    0.0462
13.475   6.0984848e-01    0.0459
13.525   6.2997921e-01    0.0457
13.575   6.5286650e-01    0.0460
13.625   6.7843546e-01    0.0462
13.675   7.0822978e-01    0.0466
13.725   7.4208383e-01    0.0469
13.775   7.8172220e-01    0.0478
13.825   8.2745790e-01    0.0492
13.875   8.7763004e-01    0.0509
13.925   9.2849037e-01    0.0530
13.975   9.7335571e-01    0.0560
14.025   1.0000000e+00    0.0600
14.075   9.9436702e-01    0.0656
14.125   9.4605742e-01    0.0736
14.175   8.5055564e-01    0.0850
14.225   7.1459526e-01    0.1008
14.275   5.5568738e-01    0.1231
14.325   3.9628442e-01    0.1549
14.375   2.5731670e-01    0.2013
14.425   1.5184583e-01    0.2710
14.475   8.0777326e-02    0.3799
14.525   3.8594374e-02    0.5573
14.575   1.6687027e-02    0.8541
14.625   6.8658153e-03    1.3456
14.675   2.8922849e-03    2.0877
14.725   1.4603146e-03    2.9074
14.775   1.0143523e-03    3.5886
14.825   9.7603094e-04    3.8436
14.875   8.8326494e-04    3.8228
14.925   8.7774155e-04    3.7756
14.975   8.4272003e-04    3.6915
15.025   8.4903325e-04    3.8384
15.075   8.9147195e-04    3.9739
15.125   8.9157446e-04    3.9142
15.175   8.7436834e-04    3.8297
15.225   8.7081342e-04    3.8674
15.275   8.7388949e-04    3.9377
15.325   8.7573946e-04    4.0205
15.375   8.4925140e-04    3.9118
15.425   8.7301855e-04    3.9898
15.475   8.7137606e-04    4.0445
15.525   8.1145392e-04    3.9494
15.575   7.8494059e-04    3.9409
15.625   7.9939699e-04    4.0966
15.675   7.9804422e-04    4.1938
15.725   8.0591105e-04    3.9570
15.775   8.1676189e-04    4.0293
15.825   7.8850044e-04    3.9941
15.875   8.2837726e-04    4.2239
15.925   8.1961680e-04    4.2506
15.975   8.0274082e-04    4.1531
16.025   7.7770752e-04    4.0682
16.075   7.8674296e-04    4.1899
16.125   7.5570080e-04    4.1484
16.175   7.6450618e-04    4.0358
16.225   7.4125729e-04    4.2096
16.275   7.5797677e-04    4.3425
16.325   7.5834141e-04    4.1708
16.375   7.3545122e-04    4.1058
16.425   7.8048076e-04    4.3482
16.475   7.1769790e-04    4.1549
16.525   7.1947797e-04    4.2989
16.575   7.4917698e-04    4.3162
16.625   7.5392334e-04    4.2019
16.675   7.6619598e-04    4.2115
16.725   7.5805673e-04    4.1615
16.775   7.3538378e-04    4.1314
16.825   7.3444638e-04    4.2663
16.875   7.2365677e-04    4.3687
16.925   6.7045310e-04    4.0850
16.975   7.0436011e-04    4.3037
17.025   6.7283981e-04    4.3098
17.075   6.7944804e-04    4.4244
17.125   6.8476999e-04    4.5434
17.175   6.7225387e-04    4.4647
17.225   6.7758902e-04    4.3718
17.275   6.9503591e-04    4.5346
17.325   6.9156631e-04    4.7090
17.375   6.7597023e-04    4.5087
17.425   6.9090399e-04    4.6678
17.475   6.4183552e-04    4.4320
17.525   6.5632243e-04    4.6089
17.575   6.5125917e-04    4.6388
17.625   6.1580681e-04    4.5442
17.675   6.2350774e-04    4.5449
17.725   6.4047784e-04    4.7089
17.775   6.3982328e-04    4.5864
17.825   5.9486873e-04    4.5554
17.875   6.1728690e-04    4.8917
17.925   6.2665407e-04    4.8120
17.975   6.1961784e-04    4.8272
18.025   6.3674168e-04    4.7013
18.075   6.1801945e-04    4.7396
18.125   5.8384706e-04    4.5011
18.175   5.8252144e-04    4.6421
18.225   5.9564998e-04    4.6971
18.275   6.0724910e-04    4.5666
18.325   5.5883327e-04    4.7249
18.375   5.7951265e-04    4.6983
18.425   5.8147380e-04    4.6883
18.475   5.7880615e-04    4.7820
18.525   5.7988562e-04    4.9235
18.575   5.6894589e-04    4.8684
18.625   5.6142917e-04    4.6593
18.675   5.9781738e-04    4.8918
18.725   5.6367219e-04    4.7163
18.775   5.4259611e-04    4.7272
18.825   5.8378958e-04    4.9420
18.875   5.8296729e-04    4.9740
18.925   5.3847330e-04    4.8307
18.975   5.2141660e-04    5.0396
19.025   5.1718682e-04    5.1758
19.075   5.4232306e-04    5.2403
19.125   5.2116487e-04    4.8753
19.175   5.1216252e-04    4.9084
19.225   5.3774869e-04    4.7767
19.275   5.4874018e-04    4.8640
19.325   5.3834348e-04    4.9464
19.375   5.4939409e-04    5.0868
19.425   5.3612530e-04    5.1915
19.475   4.9776156e-04    4.8884
19.525   5.2806719e-04    5.3099
19.575   4.9732613e-04    5.2886
19.625   5.1169799e-04    5.1748
19.675   4.9520808e-04    5.4772
19.725   5.0193610e-04    5.1498
19.775   4.9491335e-04    4.9982
19.825   5.1172332e-04    5.1191
19.875   5.0085660e-04    5.1037
19.925   4.9010742e-04    5.1559
19.975   5.0635905e-04    5.2635
20.025   4.8872961e-04    5.1224
20.075   4.8977557e-04    5.4486
20.125   4.6882720e-04    5.1178
20.175   4.8983970e-04    5.4036
20.225   4.8496465e-04    5.3735
20.275   4.8656965e-04    5.1972
20.325   4.8803839e-04    5.2791
20.375   4.8536498e-04    5.3779
20.425   4.8348677e-04    5.2521
20.475   4.8638381e-04    5.3591
20.525   4.6244252e-04    5.0773
20.575   4.7098821e-04    5.3737
20.625   4.3927999e-04    5.1216
20.675   4.6428015e-04    5.4431
20.725   4.5806809e-04    5.3169
20.775   4.7457424e-04    5.4285
20.825   4.6315137e-04    5.2645
20.875   4.4343837e-04    5.3074
20.925   4.6395121e-04    5.3631
20.975   4.9146827e-04    5.4411
21.025   4.8051666e-04    5.6819
21.075   4.6609868e-04    5.5700
21.125   4.6098837e-04    5.5958
21.175   4.4082666e-04    5.1499
21.225   4.2984920e-04    5.2884
21.275   4.1605282e-04    5.4229
21.325   4.3620417e-04    5.4374
21.375   4.3682545e-04    5.6410
21.425   4.3744288e-04    5.5204
21.475   4.3712072e-04    5.5202
21.525   4.2619266e-04    5.2891
21.575   4.2347556e-04    5.6605
21.625   4.2709274e-04    5.6951
21.675   4.2635562e-04    5.2551
21.725   4.2551797e-04    5.6265
21.775   4.3430075e-04    5.9670
21.825   4.0605588e-04    5.6492
21.875   4.0980436e-04    5.5711
21.925   4.1473664e-04    6.0134
21.975   4.1522689e-04    5.3435
22.025   3.9693563e-04    5.4051
22.075   4.2200245e-04    5.6640
22.125   4.1217275e-04    6.0020
22.175   3.7358573e-04    5.5161
22.225   4.0053421e-04    6.0365
22.275   4.0047634e-04    5.9414
22.325   3.9950927e-04    5.9314
22.375   4.0663829e-04    5.9275
22.425   4.2100229e-04    5.9568
22.475   3.9686694e-04    6.0206
22.525   3.9336944e-04    6.3194
22.575   3.9932455e-04    5.6681
22.625   3.8405287e-04    5.9296
22.675   3.8501505e-04    5.6679
22.725   3.9758486e-04    6.0487
22.775   3.8448374e-04    5.9502
22.825   3.6660096e-04    5.8461
22.875   3.7979212e-04    5.7537
22.925   3.6968393e-04    6.0123
22.975   3.5750615e-04    5.5701
23.025   3.4499700e-04    5.7393
23.075   3.6068370e-04    6.7906
23.125   3.6856052e-04    6.1219
23.175   3.8271907e-04    6.5713
23.225   3.5351835e-04    6.1106
23.275   3.5625574e-04    6.1379
23.325   3.5322896e-04    6.1798
23.375   3.4266174e-04    6.1797
23.425   3.4287714e-04    6.1439
23.475   3.4802489e-04    6.2015
23.525   3.4387775e-04    5.9893
23.575   3.5282671e-04    6.3891
23.625   3.4460588e-04    6.3057
23.675   3.4249478e-04    6.2368
23.725   3.5585566e-04    6.5723
23.775   3.3256819e-04    6.3863
23.825   3.2465616e-04    6.2341
23.875   3.2541306e-04    6.1227
23.925   3.2998339e-04    6.1303
23.975   3.5299948e-04    6.1331
24.025   3.4620632e-04    6.5622
24.075   3.3303093e-04    7.0246
24.125   3.2556977e-04    6.3815
24.175   3.1493827e-04    6.7631
24.225   3.2365999e-04    6.0761
24.275   3.2049749e-04    6.0936
24.325   3.3818069e-04    6.6262
24.375   3.1656793e-04    6.6459
24.425   3.3345510e-04    6.6079
24.475   3.0967993e-04    7.0074
24.525   3.1162791e-04    6.9511
24.575   3.2698235e-04    6.7144
24.625   3.1166457e-04    6.5318
24.675   3.2319524e-04    6.6292
24.725   2.9566621e-04    6.6335
24.775   3.0682181e-04    6.5892
24.825   3.2278074e-04    7.0887
24.875   3.0964538e-04    6.9022
24.925   3.0508535e-04    7.1643
24.975   3.0952137e-04    7.2795
25.025   2.8832746e-04    6.9126
25.075   2.8346545e-04    6.2860
25.125   3.1124432e-04    6.8064
25.175   2.9174158e-04    7.4326
25.225   2.7951092e-04    6.7091
25.275   3.0941479e-04    7.4952
25.325   2.9332104e-04    7.2911
25.375   2.9843173e-04    6.9931
25.425   2.8668642e-04    6.5838
25.475   2.9748049e-04    6.5494
25.525   2.9411779e-04    6.4936
25.575   2.8269262e-04    6.6920
25.625   2.9603282e-04    6.7976
25.675   2.9052716e-04    6.7971
25.725   2.8780611e-04    6.4492
25.775   2.6436862e-04    6.7136
25.825   2.6827816e-04    6.8483
25.875   2.8279090e-04    7.0770
25.925   2.7678658e-04    7.0984
25.975   2.5696282e-04    6.8850
26.025   2.7008160e-04    6.8022
26.075   2.8415981e-04    7.5123
26.125   2.7361572e-04    7.1724
26.175   2.7511258e-04    6.7614
26.225   2.7999151e-04    6.5677
26.275   2.6270918e-04    6.8713
26.325   2.7255391e-04    6.9359
26.375   2.8299468e-04    7.2238
26.425   2.7660834e-04    7.3107
26.475   2.6880874e-04    7.7705
26.525   2.6433905e-04    7.9479
26.575   2.4151232e-04    6.8598
26.625   2.2887112e-04    6.4334
26.675   2.6217128e-04    7.3723
26.725   2.3399617e-04    6.6668
26.775   2.5505273e-04    7.4353
26.825   2.4231324e-04    6.9911
26.875   2.3872986e-04    7.2090
26.925   2.4659701e-04    7.2739
26.975   2.5587786e-04    7.2238
27.025   2.3657355e-04    7.3624
27.075   2.3840662e-04    7.9423
27.125   2.3485048e-04    7.2149
27.175   2.4729663e-04    7.5658
27.225   2.4416647e-04    8.2135
27.275   2.4377306e-04    7.4144
27.325   2.4374241e-04    7.6142
27.375   2.2592113e-04    7.5345
27.425   2.2551528e-04    7.4841
27.475   2.2866489e-04    7.2577
27.525   2.3146813e-04    6.9303
27.575   2.3531134e-04    8.0701
27.625   2.3432254e-04    7.8659
27.675   2.3760179e-04    7.8236
27.725   2.4426018e-04    7.3043
27.775   2.6146411e-04    7.9879
27.825   2.3227689e-04    7.3376
27.875   2.4316461e-04    7.3611
27.925   2.5162626e-04    8.1667
27.975   2.2481999e-04    8.0655
28.025   2.3076437e-04    8.3055
28.075   2.0765349e-04    7.4734
28.125   2.2459413e-04    7.5187
28.175   2.2054783e-04    7.8620
28.225   2.2356710e-04    7.8900
28.275   2.1608431e-04    8.2249
28.325   2.3274615e-04    8.6427
28.375   2.4073666e-04    8.2703
28.425   2.1953220e-04    7.3487
28.475   2.2590582e-04    7.7902
28.525   2.1380273e-04    7.9396
28.575   1.9796541e-04    7.4995
28.625   2.0576609e-04    7.6156
28.675   2.2106869e-04    8.2417
28.725   2.0679460e-04    8.6042
28.775   2.2281338e-04    8.0136
28.825   2.3651365e-04    8.6751
28.875   2.0317845e-04    8.0068
28.925   2.1556707e-04    8.3443
28.975   2.0982644e-04    8.3827
29.025   2.1490023e-04    8.0476
29.075   1.9282694e-04    7.8817
29.125   1.9518236e-04    8.3344
29.175   1.9755225e-04    8.0268
29.225   2.0225061e-04    8.7756
29.275   1.9583212e-04    7.6752
29.325   2.0206892e-04    8.1048
29.375   1.9173610e-04    7.9030
29.425   1.9422725e-04    7.7274
29.475   2.0677286e-04    8.6594
29.525   2.0786313e-04    9.2457
29.575   2.0079155e-04    8.3226
29.625   1.9811338e-04    8.5078
29.675   1.7677092e-04    8.6076
29.725   1.9443304e-04    8.1232
29.775   1.8281905e-04    8.8553
29.825   1.8887456e-04    9.1692
29.875   2.0320264e-04    9.6082
29.925   1.8248343e-04    7.9684
29.975   1.8683876e-04    8.2513
30.025   1.9498497e-04    8.7716
30.075   2.0548143e-04    9.3227
30.125   1.9844016e-04    8.4862
30.175   1.9304599e-04    8.7944
30.225   1.9450058e-04    8.3085
30.275   1.9986921e-04    8.4614
30.325   1.7898488e-04    8.4259
30.375   1.9888190e-04    9.4070
30.425   1.8596068e-04    8.6616
30.475   1.9739658e-04    9.2154
30.525   1.7512075e-04    8.9476
30.575   1.8186420e-04    8.7344
30.625   1.7832223e-04    7.9827
30.675   1.8237188e-04    8.7221
30.725   1.8875206e-04    9.1603
30.775   1.8466469e-04    9.1715
30.825   1.5835468e-04    8.6399
30.875   1.6745193e-04    8.3823
30.925   1.7000988e-04    8.3692
30.975   1.8074263e-04    9.5801
31.025   1.7902882e-04    9.6919
31.075   1.7299154e-04    10.5885
31.125   1.5565646e-04    8.3290
31.175   1.6544285e-04    9.6892
31.225   1.5676297e-04    8.6052
31.275   1.7217831e-04    8.4042
31.325   1.8123002e-04    9.1947
31.375   1.7834100e-04    9.3575
31.425   1.6188873e-04    8.1198
31.475   1.6458144e-04    8.9984
31.525   1.7066959e-04    8.5737
31.575   1.5939434e-04    8.6826
31.625   1.6208661e-04    8.3347
31.675   1.7694242e-04    10.1534
31.725   1.6061558e-04    9.4170
31.775   1.7204186e-04    8.7228
31.825   1.6526167e-04    8.9493
31.875   1.4894316e-04    8.5460
31.925   1.4847397e-04    9.2773
31.975   1.5229614e-04    8.4544
32.025   1.6132644e-04    8.5120
32.075   1.6082555e-04    9.2818
32.125   1.4959393e-04    9.6007
32.175   1.4948071e-04    8.4832
32.225   1.5693988e-04    8.9652
32.275   1.4833172e-04    8.8576
32.325   1.5801629e-04    9.0541
32.375   1.5477966e-04    10.1996
32.425   1.5113531e-04    9.2812
32.475   1.4448516e-04    8.9561
32.525   1.3647453e-04    8.8983
32.575   1.4099581e-04    9.3473
32.625   1.4385119e-04    9.7866
32.675   1.3772179e-04    9.3700
32.725   1.4265165e-04    9.3409
32.775   1.4015141e-04    10.0918
32.825   1.3653054e-04    9.8690
32.875   1.4219862e-04    9.9215
32.925   1.4565761e-04    10.4789
32.975   1.3442350e-04    9.5412
33.025   1.2534234e-04    9.1205
33.075   1.3458207e-04    10.3156
33.125   1.3611289e-04    9.8659
33.175   1.3205231e-04    9.6858
33.225   1.3323720e-04    10.4659
33.275   1.4078423e-04    9.7951
33.325   1.4543378e-04    11.1567
33.375   1.4293040e-04    9.7115
33.425   1.4866852e-04    10.1185
33.475   1.5705687e-04    9.9352
33.525   1.4224109e-04    9.9388
33.575   1.3852595e-04    10.2627
33.625   1.4685482e-04    10.8699
33.675   1.2730742e-04    9.5865
33.725   1.1627108e-04    9.2694
33.775   1.3268646e-04    9.7937
33.825   1.4031604e-04    9.9937
33.875   1.3286292e-04    9.8032
33.925   1.3824776e-04    10.1393
33.975   1.4840915e-04    10.7135
34.025   1.4125143e-04    10.3557
34.075   1.3159643e-04    9.7793
34.125   1.4619374e-04    10.3581
34.175   1.3100286e-04    10.6664
34.225   1.2207451e-04    10.0352
34.275   1.2966379e-04    10.7607
34.325   1.2863175e-04    11.6847
34.375   1.2562455e-04    10.6765
34.425   1.1955031e-04    10.6838
34.475   1.2220484e-04    10.2171
34.525   1.1721345e-04    12.2867
34.575   1.1230735e-04    13.1270
34.625   1.3126501e-04    12.1351
34.675   1.3164719e-04    10.1064
34.725   1.1817381e-04    10.3317
34.775   1.0971463e-04    10.0764
34.825   1.0847397e-04    10.8455
34.875   1.2469832e-04    11.4339
34.925   1.1324149e-04    9.9204
34.975   1.1285772e-04    11.4108
35.025   1.2207438e-04    11.0681
35.075   1.2812684e-04    11.8845
35.125   1.1647708e-04    10.3685
35.175   1.2030677e-04    11.0833
35.225   1.2315491e-04    10.9224
35.275   1.2244828e-04    10.7597
35.325   1.3333618e-04    10.3053
35.375   1.3250095e-04    10.6923
35.425   1.1921878e-04    9.4912
35.475   1.2212062e-04    10.1267
35.525   1.2928782e-04    9.9400
35.575   1.1790416e-04    10.2800
35.625   1.1532678e-04    9.5750
35.675   1.1477164e-04    10.0695
35.725   1.2195257e-04    11.0113
35.775   1.1574039e-04    11.8022
35.825   1.1084929e-04    10.4430
35.875   1.0201596e-04    10.1088
35.925   1.0846785e-04    10.6258
35.975   1.0699228e-04    12.3480
36.025   1.0837742e-04    11.1588
36.075   1.1503790e-04    11.5328
36.125   1.0840838e-04    10.3463
36.175   1.0608773e-04    12.5462
36.225   1.1705431e-04    12.2854
36.275   1.1912633e-04    11.7118
36.325   1.1157883e-04    10.8213
36.375   1.1668094e-04    11.1633
36.425   1.1286539e-04    10.8484
36.475   1.1027098e-04    10.7031
36.525   1.0391797e-04    11.8575
36.575   1.1016399e-04    11.1193
36.625   1.1239009e-04    10.7720
36.675   1.0449607e-04    10.6135
36.725   9.9138801e-05    11.0971
36.775   1.0356295e-04    11.3795
36.825   1.1410624e-04    11.6457
36.875   1.0823730e-04    10.5642
36.925   1.0134167e-04    11.0044
36.975   9.8703581e-05    10.4552
37.025   1.1980330e-04    12.7100
37.075   1.1177570e-04    11.0689
37.125   1.1154363e-04    10.9184
37.175   1.0612480e-04    12.8209
37.225   9.7959328e-05    11.8188
37.275   1.0046790e-04    12.6101
37.325   9.8965608e-05    12.2814
37.375   1.0052935e-04    11.4691
37.425   9.1712043e-05    12.8268
37.475   8.6633400e-05    12.0392
37.525   8.9098909e-05    11.7111
37.575   1.0239541e-04    13.8526
37.625   8.6918424e-05    11.2016
37.675   8.7132115e-05    12.0357
37.725   9.7224253e-05    12.5771
37.775   9.4101542e-05    11.2206
37.825   9.2040354e-05    11.8572
37.875   8.3894993e-05    10.9700
37.925   9.3254412e-05    11.8011
37.975   9.8501295e-05    12.7516
38.025   9.2752265e-05    11.6557
38.075   9.6830371e-05    11.1010
38.125   1.0006326e-04    12.9120
38.175   8.9715307e-05    10.5979
38.225   9.0768873e-05    11.2814
38.275   1.0068400e-04    12.0487
38.325   8.9564855e-05    14.3034
38.375   7.2994373e-05    10.4872
38.425   8.2830579e-05    11.5111
38.475   8.4974018e-05    11.1308
38.525   8.1058623e-05    10.8317
38.575   8.4623948e-05    11.9963
38.625   1.0407139e-04    12.0712
38.675   9.4641348e-05    11.4938
38.725   9.2157661e-05    12.4345
38.775   8.2533159e-05    11.8193
38.825   8.3397533e-05    11.3563
38.875   9.4707552e-05    13.4223
38.925   8.3384053e-05    11.8572
38.975   9.6962128e-05    13.6628
39.025   8.7875070e-05    13.4251
39.075   8.4892297e-05    12.0703
39.125   9.1798588e-05    13.7987
39.175   8.0072321e-05    11.7131
39.225   7.9129331e-05    11.6796
39.275   8.7568911e-05    13.2800
39.325   8.2978842e-05    13.3630
39.375   8.2987975e-05    12.6973
39.425   8.9957289e-05    12.0129
39.475   9.2214353e-05    12.6012
39.525   7.9804333e-05    11.8469
39.575   7.4530018e-05    13.0435
39.625   8.0002705e-05    11.6790
39.675   9.6642164e-05    14.7505
39.725   8.0268410e-05    12.3517
39.775   7.8824963e-05    12.0713
39.825   8.8218944e-05    13.0054
39.875   8.0270309e-05    12.9195
39.925   8.0013888e-05    13.3765
39.975   7.9947204e-05    13.6167
