SOBP group - Emax: 150 MeV - Width (X): 30%
Energy of the incident proton beam: 147.399 MeV
Depth (cm)  |  EnergyDeposit (a.u.)  |  Error (%)
0.025    1.8822522e-01    0.0840
0.075    1.9323091e-01    0.0882
0.125    1.9423088e-01    0.0921
0.175    1.9485944e-01    0.0882
0.225    1.9565456e-01    0.0901
0.275    1.9602353e-01    0.0886
0.325    1.9683909e-01    0.0919
0.375    1.9733286e-01    0.0905
0.425    1.9775888e-01    0.0912
0.475    1.9835869e-01    0.0911
0.525    1.9885597e-01    0.0909
0.575    1.9956420e-01    0.0937
0.625    1.9994391e-01    0.0925
0.675    2.0021446e-01    0.0901
0.725    2.0069479e-01    0.0913
0.775    2.0112755e-01    0.0903
0.825    2.0169747e-01    0.0913
0.875    2.0217854e-01    0.0921
0.925    2.0273618e-01    0.0938
0.975    2.0307864e-01    0.0922
1.025    2.0354839e-01    0.0927
1.075    2.0377275e-01    0.0915
1.125    2.0427162e-01    0.0926
1.175    2.0461654e-01    0.0919
1.225    2.0526475e-01    0.0942
1.275    2.0525050e-01    0.0901
1.325    2.0579182e-01    0.0901
1.375    2.0624728e-01    0.0926
1.425    2.0677032e-01    0.0934
1.475    2.0698507e-01    0.0919
1.525    2.0742981e-01    0.0946
1.575    2.0781293e-01    0.0928
1.625    2.0812425e-01    0.0921
1.675    2.0850610e-01    0.0913
1.725    2.0874600e-01    0.0902
1.775    2.0907427e-01    0.0898
1.825    2.0978626e-01    0.0932
1.875    2.1009526e-01    0.0932
1.925    2.1035690e-01    0.0907
1.975    2.1069393e-01    0.0921
2.025    2.1116166e-01    0.0926
2.075    2.1122921e-01    0.0898
2.125    2.1169528e-01    0.0907
2.175    2.1220921e-01    0.0912
2.225    2.1233929e-01    0.0893
2.275    2.1286047e-01    0.0918
2.325    2.1326681e-01    0.0908
2.375    2.1358864e-01    0.0900
2.425    2.1399695e-01    0.0914
2.475    2.1426338e-01    0.0900
2.525    2.1461631e-01    0.0896
2.575    2.1510918e-01    0.0905
2.625    2.1521282e-01    0.0890
2.675    2.1563014e-01    0.0890
2.725    2.1612679e-01    0.0892
2.775    2.1661675e-01    0.0921
2.825    2.1685192e-01    0.0904
2.875    2.1731664e-01    0.0910
2.925    2.1757740e-01    0.0903
2.975    2.1816975e-01    0.0914
3.025    2.1836106e-01    0.0904
3.075    2.1852078e-01    0.0885
3.125    2.1894870e-01    0.0891
3.175    2.1941876e-01    0.0899
3.225    2.1967029e-01    0.0894
3.275    2.1998901e-01    0.0892
3.325    2.2031152e-01    0.0900
3.375    2.2045323e-01    0.0876
3.425    2.2068211e-01    0.0868
3.475    2.2117131e-01    0.0874
3.525    2.2171260e-01    0.0888
3.575    2.2194326e-01    0.0872
3.625    2.2238835e-01    0.0880
3.675    2.2261957e-01    0.0872
3.725    2.2305802e-01    0.0870
3.775    2.2330602e-01    0.0863
3.825    2.2372939e-01    0.0864
3.875    2.2390458e-01    0.0863
3.925    2.2440431e-01    0.0869
3.975    2.2487000e-01    0.0874
4.025    2.2528289e-01    0.0874
4.075    2.2543546e-01    0.0864
4.125    2.2597171e-01    0.0883
4.175    2.2618875e-01    0.0848
4.225    2.2659267e-01    0.0864
4.275    2.2687977e-01    0.0859
4.325    2.2731155e-01    0.0847
4.375    2.2752702e-01    0.0849
4.425    2.2779312e-01    0.0837
4.475    2.2836396e-01    0.0859
4.525    2.2862907e-01    0.0839
4.575    2.2920023e-01    0.0863
4.625    2.2959932e-01    0.0871
4.675    2.2995465e-01    0.0865
4.725    2.3025173e-01    0.0838
4.775    2.3056783e-01    0.0837
4.825    2.3084852e-01    0.0837
4.875    2.3136429e-01    0.0842
4.925    2.3172378e-01    0.0837
4.975    2.3211629e-01    0.0832
5.025    2.3244174e-01    0.0828
5.075    2.3289057e-01    0.0831
5.125    2.3330586e-01    0.0832
5.175    2.3348524e-01    0.0826
5.225    2.3399896e-01    0.0825
5.275    2.3453731e-01    0.0843
5.325    2.3483897e-01    0.0830
5.375    2.3506984e-01    0.0816
5.425    2.3543757e-01    0.0827
5.475    2.3594273e-01    0.0824
5.525    2.3636465e-01    0.0827
5.575    2.3677870e-01    0.0821
5.625    2.3707092e-01    0.0826
5.675    2.3762861e-01    0.0822
5.725    2.3814129e-01    0.0828
5.775    2.3823683e-01    0.0806
5.825    2.3889222e-01    0.0815
5.875    2.3917716e-01    0.0807
5.925    2.3962119e-01    0.0810
5.975    2.3997804e-01    0.0805
6.025    2.4034563e-01    0.0793
6.075    2.4076384e-01    0.0801
6.125    2.4142617e-01    0.0812
6.175    2.4186926e-01    0.0816
6.225    2.4218333e-01    0.0800
6.275    2.4269176e-01    0.0804
6.325    2.4314807e-01    0.0808
6.375    2.4368549e-01    0.0823
6.425    2.4387381e-01    0.0799
6.475    2.4425789e-01    0.0785
6.525    2.4478540e-01    0.0799
6.575    2.4522887e-01    0.0797
6.625    2.4557125e-01    0.0778
6.675    2.4594083e-01    0.0782
6.725    2.4651799e-01    0.0792
6.775    2.4718293e-01    0.0804
6.825    2.4720907e-01    0.0771
6.875    2.4775429e-01    0.0771
6.925    2.4841772e-01    0.0780
6.975    2.4873233e-01    0.0768
7.025    2.4931983e-01    0.0786
7.075    2.4956743e-01    0.0770
7.125    2.5003041e-01    0.0760
7.175    2.5059722e-01    0.0771
7.225    2.5112255e-01    0.0771
7.275    2.5164122e-01    0.0770
7.325    2.5221019e-01    0.0772
7.375    2.5248801e-01    0.0750
7.425    2.5308439e-01    0.0751
7.475    2.5352787e-01    0.0757
7.525    2.5424630e-01    0.0769
7.575    2.5479484e-01    0.0763
7.625    2.5523653e-01    0.0757
7.675    2.5581382e-01    0.0763
7.725    2.5636060e-01    0.0765
7.775    2.5686153e-01    0.0748
7.825    2.5744527e-01    0.0764
7.875    2.5786119e-01    0.0750
7.925    2.5847114e-01    0.0756
7.975    2.5898135e-01    0.0741
8.025    2.5943139e-01    0.0743
8.075    2.6003035e-01    0.0736
8.125    2.6065989e-01    0.0731
8.175    2.6130156e-01    0.0729
8.225    2.6188159e-01    0.0736
8.275    2.6269059e-01    0.0764
8.325    2.6310975e-01    0.0743
8.375    2.6331224e-01    0.0715
8.425    2.6420287e-01    0.0730
8.475    2.6494700e-01    0.0728
8.525    2.6555913e-01    0.0723
8.575    2.6614649e-01    0.0716
8.625    2.6690846e-01    0.0724
8.675    2.6741484e-01    0.0717
8.725    2.6795897e-01    0.0719
8.775    2.6868595e-01    0.0716
8.825    2.6933193e-01    0.0716
8.875    2.7023862e-01    0.0726
8.925    2.7096175e-01    0.0733
8.975    2.7122369e-01    0.0697
9.025    2.7181090e-01    0.0699
9.075    2.7274926e-01    0.0708
9.125    2.7328885e-01    0.0705
9.175    2.7394655e-01    0.0705
9.225    2.7467047e-01    0.0699
9.275    2.7531085e-01    0.0692
9.325    2.7605272e-01    0.0691
9.375    2.7716283e-01    0.0705
9.425    2.7782444e-01    0.0696
9.475    2.7848984e-01    0.0687
9.525    2.7923861e-01    0.0685
9.575    2.7993488e-01    0.0689
9.625    2.8079578e-01    0.0692
9.675    2.8151916e-01    0.0691
9.725    2.8229905e-01    0.0682
9.775    2.8316920e-01    0.0682
9.825    2.8391517e-01    0.0681
9.875    2.8491336e-01    0.0677
9.925    2.8555472e-01    0.0671
9.975    2.8649115e-01    0.0670
10.025   2.8724318e-01    0.0667
10.075   2.8800008e-01    0.0653
10.125   2.8913271e-01    0.0669
10.175   2.8997252e-01    0.0661
10.225   2.9070584e-01    0.0653
10.275   2.9158585e-01    0.0642
10.325   2.9286273e-01    0.0657
10.375   2.9358060e-01    0.0646
10.425   2.9482321e-01    0.0660
10.475   2.9587592e-01    0.0648
10.525   2.9675337e-01    0.0642
10.575   2.9805924e-01    0.0651
10.625   2.9892801e-01    0.0646
10.675   2.9995878e-01    0.0648
10.725   3.0114661e-01    0.0643
10.775   3.0217838e-01    0.0634
10.825   3.0314041e-01    0.0634
10.875   3.0460616e-01    0.0651
10.925   3.0570913e-01    0.0643
10.975   3.0669473e-01    0.0636
11.025   3.0785895e-01    0.0631
11.075   3.0905738e-01    0.0632
11.125   3.1018216e-01    0.0623
11.175   3.1151334e-01    0.0623
11.225   3.1248103e-01    0.0608
11.275   3.1425221e-01    0.0632
11.325   3.1533868e-01    0.0619
11.375   3.1647199e-01    0.0606
11.425   3.1796094e-01    0.0610
11.475   3.1945224e-01    0.0611
11.525   3.2095000e-01    0.0607
11.575   3.2241212e-01    0.0611
11.625   3.2391072e-01    0.0603
11.675   3.2536240e-01    0.0599
11.725   3.2682687e-01    0.0590
11.775   3.2851442e-01    0.0597
11.825   3.3004841e-01    0.0586
11.875   3.3188615e-01    0.0599
11.925   3.3345178e-01    0.0594
11.975   3.3517439e-01    0.0588
12.025   3.3697364e-01    0.0587
12.075   3.3867502e-01    0.0577
12.125   3.4058674e-01    0.0579
12.175   3.4246745e-01    0.0585
12.225   3.4453561e-01    0.0582
12.275   3.4646540e-01    0.0576
12.325   3.4829694e-01    0.0564
12.375   3.5040269e-01    0.0563
12.425   3.5261139e-01    0.0559
12.475   3.5504491e-01    0.0567
12.525   3.5708433e-01    0.0559
12.575   3.5942066e-01    0.0558
12.625   3.6195503e-01    0.0556
12.675   3.6459575e-01    0.0556
12.725   3.6728957e-01    0.0555
12.775   3.7014267e-01    0.0556
12.825   3.7247955e-01    0.0538
12.875   3.7560436e-01    0.0547
12.925   3.7867328e-01    0.0544
12.975   3.8145410e-01    0.0531
13.025   3.8479153e-01    0.0534
13.075   3.8835174e-01    0.0544
13.125   3.9143498e-01    0.0531
13.175   3.9475958e-01    0.0526
13.225   3.9858728e-01    0.0534
13.275   4.0204426e-01    0.0526
13.325   4.0607057e-01    0.0529
13.375   4.1009262e-01    0.0530
13.425   4.1426429e-01    0.0527
13.475   4.1891124e-01    0.0536
13.525   4.2344532e-01    0.0529
13.575   4.2821934e-01    0.0529
13.625   4.3323787e-01    0.0530
13.675   4.3832244e-01    0.0524
13.725   4.4371625e-01    0.0529
13.775   4.4908533e-01    0.0517
13.825   4.5509301e-01    0.0520
13.875   4.6090082e-01    0.0511
13.925   4.6744254e-01    0.0504
13.975   4.7414646e-01    0.0497
14.025   4.8132275e-01    0.0493
14.075   4.8884316e-01    0.0484
14.125   4.9710984e-01    0.0481
14.175   5.0607330e-01    0.0479
14.225   5.1502987e-01    0.0470
14.275   5.2535388e-01    0.0468
14.325   5.3606990e-01    0.0463
14.375   5.4786332e-01    0.0460
14.425   5.6041596e-01    0.0457
14.475   5.7415734e-01    0.0454
14.525   5.8922828e-01    0.0453
14.575   6.0591166e-01    0.0454
14.625   6.2400013e-01    0.0452
14.675   6.4417726e-01    0.0452
14.725   6.6682652e-01    0.0452
14.775   6.9263554e-01    0.0454
14.825   7.2222115e-01    0.0460
14.875   7.5566500e-01    0.0465
14.925   7.9437678e-01    0.0475
14.975   8.3786311e-01    0.0486
15.025   8.8487617e-01    0.0502
15.075   9.3230943e-01    0.0522
15.125   9.7408021e-01    0.0549
15.175   1.0000000e+00    0.0584
15.225   9.9939594e-01    0.0633
15.275   9.6197175e-01    0.0701
15.325   8.8370701e-01    0.0794
15.375   7.6900345e-01    0.0921
15.425   6.2744709e-01    0.1096
15.475   4.7720664e-01    0.1337
15.525   3.3516944e-01    0.1675
15.575   2.1800216e-01    0.2159
15.625   1.3007487e-01    0.2873
15.675   7.0672023e-02    0.3966
15.725   3.5616734e-02    0.5674
15.775   1.6303497e-02    0.8439
15.825   7.1324287e-03    1.2956
15.875   3.1967794e-03    1.9115
15.925   1.7035082e-03    2.6464
15.975   1.1891599e-03    3.2118
16.025   1.0419532e-03    3.3712
16.075   9.6864494e-04    3.4290
16.125   9.6652918e-04    3.6646
16.175   9.4849943e-04    3.5869
16.225   9.6274917e-04    3.6495
16.275   9.9998919e-04    3.7656
16.325   9.4276689e-04    3.6578
16.375   9.4795369e-04    3.6140
16.425   9.4173396e-04    3.7552
16.475   9.5811999e-04    3.7240
16.525   9.0328925e-04    3.6863
16.575   9.3669913e-04    3.7892
16.625   8.9525291e-04    3.6534
16.675   8.8597223e-04    3.6039
16.725   9.1255476e-04    3.8831
16.775   8.5832168e-04    3.5912
16.825   8.8146923e-04    3.9571
16.875   8.7426313e-04    3.7937
16.925   8.5389498e-04    3.9117
16.975   8.8774719e-04    4.0446
17.025   8.5546858e-04    4.0020
17.075   8.2348402e-04    3.8342
17.125   8.2081678e-04    3.8948
17.175   8.3735125e-04    3.8441
17.225   8.4406551e-04    3.8373
17.275   8.6813510e-04    4.0023
17.325   8.2311009e-04    3.9285
17.375   8.2140540e-04    3.8551
17.425   8.3182666e-04    3.8898
17.475   8.1739340e-04    3.9062
17.525   8.0076854e-04    3.9197
17.575   8.0301154e-04    3.9864
17.625   8.3109273e-04    4.1202
17.675   7.6220466e-04    4.2393
17.725   7.6318693e-04    3.8853
17.775   7.4518140e-04    4.1620
17.825   7.4320920e-04    3.8955
17.875   7.9128875e-04    4.1406
17.925   7.7631786e-04    4.1117
17.975   7.2437066e-04    3.9533
18.025   7.5537337e-04    3.9541
18.075   7.7628540e-04    3.9655
18.125   7.6467599e-04    4.0748
18.175   7.3195161e-04    4.1659
18.225   7.4671074e-04    4.1234
18.275   7.2738847e-04    4.1314
18.325   7.3764538e-04    4.1557
18.375   7.3851734e-04    4.2362
18.425   7.4841127e-04    4.1303
18.475   7.4671033e-04    4.2813
18.525   7.1960966e-04    4.1673
18.575   7.2744808e-04    4.1893
18.625   7.1902493e-04    4.1845
18.675   7.3403592e-04    4.2559
18.725   7.2584709e-04    4.5994
18.775   7.0204894e-04    4.3662
18.825   7.2182138e-04    4.3031
18.875   7.1291157e-04    4.3167
18.925   6.9578925e-04    4.2951
18.975   6.8303863e-04    4.1864
19.025   6.7663250e-04    4.2881
19.075   6.3294757e-04    4.1488
19.125   6.5507052e-04    4.1705
19.175   6.7235075e-04    4.2359
19.225   6.7481960e-04    4.3147
19.275   6.6680567e-04    4.5327
19.325   6.7663550e-04    4.3596
19.375   6.4787399e-04    4.3389
19.425   6.5026350e-04    4.3511
19.475   6.4575271e-04    4.2121
19.525   6.4124109e-04    4.3480
19.575   6.3085738e-04    4.3191
19.625   6.4528238e-04    4.4483
19.675   6.7565492e-04    4.5431
19.725   6.4039904e-04    4.4436
19.775   6.2764317e-04    4.4303
19.825   6.0914760e-04    4.2646
19.875   6.4922094e-04    4.5782
19.925   6.2620307e-04    4.3349
19.975   6.2793537e-04    4.3654
20.025   6.3566995e-04    4.5790
20.075   6.2891020e-04    4.4679
20.125   6.6436785e-04    4.9738
20.175   6.3293997e-04    4.7444
20.225   6.1516418e-04    4.7257
20.275   6.1497826e-04    4.6130
20.325   6.1161282e-04    4.4014
20.375   5.9862139e-04    4.7664
20.425   6.0330238e-04    4.6911
20.475   5.8421348e-04    4.6980
20.525   5.6508339e-04    5.0639
20.575   5.6213243e-04    4.6316
20.625   6.0694279e-04    4.9623
20.675   5.9663830e-04    4.7837
20.725   5.8430920e-04    4.8263
20.775   5.6240089e-04    5.2203
20.825   5.6162725e-04    4.7800
20.875   5.5479028e-04    4.8091
20.925   5.3928766e-04    4.7877
20.975   5.5767887e-04    4.9153
21.025   5.5550185e-04    5.1688
21.075   5.8116186e-04    5.3409
21.125   5.2865725e-04    4.9034
21.175   5.4103203e-04    5.0660
21.225   5.3070682e-04    4.8428
21.275   5.4312020e-04    4.9665
21.325   5.5288528e-04    4.6615
21.375   5.5320589e-04    4.7653
21.425   5.3495968e-04    4.8199
21.475   5.3781398e-04    4.9445
21.525   5.4929130e-04    4.8920
21.575   5.3792931e-04    5.0520
21.625   5.1053485e-04    5.1626
21.675   5.3021198e-04    5.2138
21.725   5.0327988e-04    5.1079
21.775   5.0912833e-04    4.8505
21.825   5.2005578e-04    5.1231
21.875   5.1153190e-04    5.1964
21.925   5.2523631e-04    5.1197
21.975   5.0668505e-04    4.9002
22.025   5.2425576e-04    5.5229
22.075   4.9193717e-04    4.8474
22.125   4.9129446e-04    4.7786
22.175   5.1191285e-04    5.2100
22.225   5.1486205e-04    5.4462
22.275   4.7889169e-04    5.0246
22.325   4.9098370e-04    5.1813
22.375   4.8401741e-04    5.1336
22.425   4.7941237e-04    5.2147
22.475   4.5404581e-04    4.9053
22.525   4.3898441e-04    4.9505
22.575   4.4820828e-04    5.5336
22.625   4.5449411e-04    5.1522
22.675   4.5712169e-04    5.1309
22.725   4.6473574e-04    5.3458
22.775   4.5104586e-04    5.5409
22.825   4.6873311e-04    5.5357
22.875   4.5546324e-04    5.2841
22.925   4.3347485e-04    5.3312
22.975   4.2797715e-04    5.7186
23.025   4.3099390e-04    5.4757
23.075   4.3493854e-04    5.6956
23.125   4.4864988e-04    5.5357
23.175   4.4242460e-04    5.2964
23.225   4.3362550e-04    5.4781
23.275   4.1935624e-04    5.3466
23.325   4.2644963e-04    5.1849
23.375   4.3308766e-04    5.5804
23.425   4.1569946e-04    5.3491
23.475   4.0675829e-04    5.2507
23.525   4.5149052e-04    6.1036
23.575   4.2514793e-04    5.6693
23.625   4.2022641e-04    5.2996
23.675   4.2388544e-04    5.7420
23.725   4.3523922e-04    5.2984
23.775   4.2817919e-04    5.6896
23.825   4.1272610e-04    5.7227
23.875   4.1338380e-04    6.0345
23.925   4.0459422e-04    5.8750
23.975   3.8546288e-04    5.6222
24.025   3.8516733e-04    5.6316
24.075   3.9534589e-04    5.8278
24.125   4.0097491e-04    5.3550
24.175   4.0238609e-04    5.3809
24.225   4.1958633e-04    5.2750
24.275   4.2912406e-04    5.4038
24.325   4.4776679e-04    5.6464
24.375   4.1898209e-04    5.5798
24.425   4.0439472e-04    5.5787
24.475   4.0582611e-04    5.6063
24.525   4.0400850e-04    5.6586
24.575   3.8965882e-04    5.8008
24.625   4.0146370e-04    5.5484
24.675   4.2571024e-04    5.8509
24.725   3.8491027e-04    5.5120
24.775   3.8770148e-04    5.6971
24.825   3.9071348e-04    5.6518
24.875   3.8535299e-04    6.0776
24.925   3.6855357e-04    5.6114
24.975   3.9289748e-04    6.0535
25.025   3.6865262e-04    5.6699
25.075   3.8484084e-04    5.9340
25.125   3.8613599e-04    6.2312
25.175   3.6684893e-04    6.0733
25.225   3.7115097e-04    5.8199
25.275   3.5672355e-04    6.0987
25.325   3.6047734e-04    5.9128
25.375   3.6239095e-04    6.0706
25.425   3.6660688e-04    6.1547
25.475   3.5989184e-04    6.2018
25.525   3.6501734e-04    5.8681
25.575   3.4107745e-04    5.8950
25.625   3.7044435e-04    6.7444
25.675   3.4471433e-04    5.9525
25.725   3.4104126e-04    5.8036
25.775   3.5508645e-04    6.4924
25.825   3.4262284e-04    5.9754
25.875   3.4094169e-04    5.8618
25.925   3.3186423e-04    6.1721
25.975   3.3552552e-04    6.4219
26.025   3.2770925e-04    6.0549
26.075   3.5949223e-04    6.4481
26.125   3.5248917e-04    6.7961
26.175   3.1328492e-04    6.2335
26.225   3.4137754e-04    6.4473
26.275   3.1941074e-04    6.1976
26.325   3.2544413e-04    6.2179
26.375   3.3915805e-04    6.3032
26.425   3.2923005e-04    6.5528
26.475   3.1217618e-04    5.9420
26.525   3.1475970e-04    6.2733
26.575   2.9320431e-04    6.4008
26.625   3.1452783e-04    6.9663
26.675   2.9841402e-04    5.9758
26.725   3.2011306e-04    6.4660
26.775   3.2618227e-04    6.5954
26.825   3.1338749e-04    6.6806
26.875   3.3294723e-04    6.4675
26.925   3.1261684e-04    6.6158
26.975   3.0200376e-04    6.9413
27.025   2.9591264e-04    6.5083
27.075   2.9256307e-04    6.3283
27.125   2.9361035e-04    6.2140
27.175   2.9702156e-04    6.7803
27.225   3.0808223e-04    6.5311
27.275   2.9961214e-04    6.5087
27.325   3.0548613e-04    6.6751
27.375   2.8257227e-04    6.2402
27.425   3.0187059e-04    6.6200
27.475   3.0292852e-04    6.6155
27.525   3.0121656e-04    6.8698
27.575   3.0353118e-04    6.4522
27.625   2.9673314e-04    6.6838
27.675   2.6507941e-04    6.3404
27.725   2.8812133e-04    7.0049
27.775   2.9846401e-04    7.0741
27.825   2.9324653e-04    6.4206
27.875   2.6217360e-04    7.0191
27.925   2.6237302e-04    6.7107
27.975   2.6747095e-04    7.0483
28.025   2.8293070e-04    7.3900
28.075   2.9136852e-04    6.9091
28.125   2.7397781e-04    6.9271
28.175   2.6060783e-04    7.1959
28.225   2.7229874e-04    7.1924
28.275   2.5192206e-04    6.6863
28.325   2.7804958e-04    7.3292
28.375   2.8759146e-04    7.1378
28.425   2.7152717e-04    7.3923
28.475   2.7854537e-04    6.6273
28.525   2.6868731e-04    7.4169
28.575   2.6036535e-04    6.8836
28.625   2.4284360e-04    6.6039
28.675   2.6362110e-04    7.4405
28.725   2.6049611e-04    7.4600
28.775   2.5016229e-04    6.7854
28.825   2.4994115e-04    7.1980
28.875   2.5427934e-04    8.2718
28.925   2.3661939e-04    7.2240
28.975   2.6656541e-04    7.5220
29.025   2.5006377e-04    7.4781
29.075   2.6458651e-04    7.1510
29.125   2.4813740e-04    7.3606
29.175   2.5505708e-04    7.1458
29.225   2.4099696e-04    6.8902
29.275   2.5743539e-04    7.1374
29.325   2.5433840e-04    6.5415
29.375   2.4273113e-04    7.7523
29.425   2.2452734e-04    6.9424
29.475   2.3345158e-04    7.3277
29.525   2.5777417e-04    8.5830
29.575   2.2414850e-04    8.3008
29.625   2.2681977e-04    7.3429
29.675   2.2339728e-04    8.9697
29.725   2.3406122e-04    7.4061
29.775   2.1905076e-04    8.4210
29.825   2.3582533e-04    7.4177
29.875   2.3020691e-04    7.6697
29.925   2.1962487e-04    7.1732
29.975   2.2059308e-04    7.2872
30.025   2.3377775e-04    7.6840
30.075   2.1425170e-04    7.3442
30.125   2.3226103e-04    7.9391
30.175   2.2338206e-04    7.8521
30.225   2.3667302e-04    8.0618
30.275   2.3031131e-04    7.2621
30.325   2.3048519e-04    8.1632
30.375   2.3452625e-04    7.1566
30.425   2.3341002e-04    7.2040
30.475   2.4086427e-04    7.3132
30.525   2.2641303e-04    7.9024
30.575   2.1506973e-04    8.3049
30.625   2.1518558e-04    7.9570
30.675   2.2409820e-04    7.5014
30.725   2.1271854e-04    7.9685
30.775   2.1900692e-04    7.9411
30.825   2.4200971e-04    7.9290
30.875   2.2123959e-04    7.3421
30.925   2.3662808e-04    7.6610
30.975   2.3721658e-04    8.4540
31.025   2.3935249e-04    7.2942
31.075   2.2210244e-04    7.2900
31.125   2.1609354e-04    7.0915
31.175   2.1644001e-04    7.1080
31.225   2.2111985e-04    7.8061
31.275   2.2511191e-04    7.9502
31.325   2.2250114e-04    7.7029
31.375   2.4523691e-04    8.1663
31.425   2.2856226e-04    8.5145
31.475   1.9662234e-04    7.3960
31.525   2.1071539e-04    7.6771
31.575   2.1727318e-04    7.6846
31.625   2.0542789e-04    7.0227
31.675   2.1088752e-04    9.2986
31.725   1.9517060e-04    7.9234
31.775   1.7740903e-04    7.4878
31.825   2.0206383e-04    7.9673
31.875   1.9132326e-04    8.3355
31.925   1.9296165e-04    8.0953
31.975   2.0923859e-04    8.1694
32.025   2.0799131e-04    8.9952
32.075   1.9662850e-04    8.3566
32.125   1.7598111e-04    8.7072
32.175   1.9288135e-04    9.0433
32.225   1.8449438e-04    8.6511
32.275   1.9323158e-04    9.2626
32.325   1.7076454e-04    7.9460
32.375   1.9144240e-04    8.0376
32.425   1.9853648e-04    8.1520
32.475   1.8530869e-04    8.6609
32.525   1.8720403e-04    8.6241
32.575   1.9904422e-04    8.7340
32.625   1.9311613e-04    8.4010
32.675   2.0121212e-04    8.2308
32.725   1.9608279e-04    8.2701
32.775   1.8814315e-04    7.8377
32.825   1.9261208e-04    8.3723
32.875   1.8656648e-04    8.0942
32.925   1.9369318e-04    8.3570
32.975   2.0446780e-04    8.2895
33.025   1.7753904e-04    8.1346
33.075   1.8100765e-04    8.6771
33.125   1.8321651e-04    9.7273
33.175   1.7387150e-04    8.2153
33.225   1.7835024e-04    9.5397
33.275   1.8592175e-04    9.0811
33.325   1.8438160e-04    8.0665
33.375   1.7629883e-04    8.9880
33.425   1.7872476e-04    7.7735
33.475   1.8470812e-04    8.0903
33.525   1.8119225e-04    8.7005
33.575   1.6650136e-04    8.4343
33.625   1.6329919e-04    9.1685
33.675   1.6682816e-04    8.1450
33.725   1.7586739e-04    8.5069
33.775   1.5223985e-04    7.8640
33.825   1.6676269e-04    8.3332
33.875   1.5919657e-04    8.1626
33.925   1.7220856e-04    8.6249
33.975   1.6160060e-04    9.0776
34.025   1.6982270e-04    9.7037
34.075   1.7169443e-04    9.4593
34.125   1.4480454e-04    7.9838
34.175   1.6091130e-04    8.8346
34.225   1.7341797e-04    8.4767
34.275   1.4886843e-04    8.2184
34.325   1.5053110e-04    8.1279
34.375   1.7532089e-04    8.8724
34.425   1.7317021e-04    8.9530
34.475   1.6302595e-04    9.0669
34.525   1.7210404e-04    8.8370
34.575   1.5812892e-04    8.2169
34.625   1.7367059e-04    8.9868
34.675   1.7806257e-04    9.0150
34.725   1.6723849e-04    8.8193
34.775   1.5432991e-04    8.6095
34.825   1.5018915e-04    9.2957
34.875   1.6502468e-04    9.6974
34.925   1.7650414e-04    9.1151
34.975   1.6165383e-04    8.4837
35.025   1.6906028e-04    10.1208
35.075   1.6175198e-04    10.1739
35.125   1.5794179e-04    9.5590
35.175   1.4082263e-04    8.7704
35.225   1.3807977e-04    10.0223
35.275   1.6001364e-04    9.1155
35.325   1.4569085e-04    8.9088
35.375   1.4137800e-04    8.9874
35.425   1.3618611e-04    9.4893
35.475   1.3913732e-04    9.0721
35.525   1.3958334e-04    9.6523
35.575   1.5407541e-04    9.1406
35.625   1.5329766e-04    10.0205
35.675   1.4710433e-04    8.4980
35.725   1.6236978e-04    10.9732
35.775   1.6231534e-04    10.8275
35.825   1.5694002e-04    8.9989
35.875   1.5648680e-04    9.0832
35.925   1.5070312e-04    9.8615
35.975   1.3422429e-04    8.8300
36.025   1.4887247e-04    9.2520
36.075   1.4268398e-04    10.4822
36.125   1.4597643e-04    8.8757
36.175   1.6002074e-04    10.2166
36.225   1.5013502e-04    10.4482
36.275   1.3251111e-04    9.1400
36.325   1.4349417e-04    9.3254
36.375   1.4710993e-04    9.8851
36.425   1.4398671e-04    9.5399
36.475   1.5478705e-04    10.6859
36.525   1.3874273e-04    10.9946
36.575   1.2270160e-04    8.9555
36.625   1.3008029e-04    9.2273
36.675   1.3545275e-04    10.0527
36.725   1.2605602e-04    9.6373
36.775   1.3536073e-04    9.4421
36.825   1.4459978e-04    10.6541
36.875   1.3039500e-04    10.1587
36.925   1.3538717e-04    11.2997
36.975   1.3177560e-04    10.1544
37.025   1.3621545e-04    10.5755
37.075   1.4031885e-04    10.8358
37.125   1.3005614e-04    9.3300
37.175   1.2666988e-04    9.6732
37.225   1.4245123e-04    10.1618
37.275   1.3104065e-04    10.1263
37.325   1.3570319e-04    9.8033
37.375   1.4469588e-04    10.6853
37.425   1.2835955e-04    11.5287
37.475   1.3352500e-04    10.2284
37.525   1.2512913e-04    9.7934
37.575   1.3277839e-04    10.1890
37.625   1.2612449e-04    9.4833
37.675   1.3252323e-04    9.9969
37.725   1.3161891e-04    9.7038
37.775   1.5320798e-04    11.6100
37.825   1.4410323e-04    10.8629
37.875   1.3120277e-04    10.0904
37.925   1.1602637e-04    11.5991
37.975   1.1147137e-04    9.7991
38.025   1.3026740e-04    11.2447
38.075   1.2247763e-04    9.7213
38.125   1.3004279e-04    10.5107
38.175   1.2483228e-04    10.9522
38.225   1.2807059e-04    10.0786
38.275   1.3027744e-04    10.4484
38.325   1.1193925e-04    10.1123
38.375   1.0931219e-04    10.1846
38.425   1.1975250e-04    10.3475
38.475   1.1797706e-04    9.6823
38.525   1.2196443e-04    10.9087
38.575   1.2671809e-04    11.7467
38.625   1.1501075e-04    10.0601
38.675   1.1325853e-04    10.6611
38.725   9.8056892e-05    10.6943
38.775   1.0204313e-04    10.1126
38.825   1.0826989e-04    11.5593
38.875   1.0881717e-04    10.6817
38.925   1.0963215e-04    10.1889
38.975   1.1094267e-04    12.7528
39.025   1.0890377e-04    9.6207
39.075   1.2154310e-04    11.1984
39.125   1.1074993e-04    11.0025
39.175   1.0183248e-04    10.0925
39.225   1.1624018e-04    11.1906
39.275   1.0304337e-04    10.6222
39.325   1.2464546e-04    14.9466
39.375   1.1359790e-04    9.9119
39.425   1.0866117e-04    12.5394
39.475   1.1115713e-04    11.4837
39.525   1.0059568e-04    10.4668
39.575   1.0957816e-04    12.2742
39.625   1.0530578e-04    10.7700
39.675   1.1296789e-04    10.2598
39.725   1.0774223e-04    10.8257
39.775   1.0457913e-04    11.1286
39.825   1.0409252e-04    10.4902
39.875   1.0120725e-04    11.9049
39.925   9.9248381e-05    10.9962
39.975   1.0543471e-04    11.1180
