SOBP group - Emax: 150 MeV - Width (X): 30%
Energy of the incident proton beam: 143.568 MeV
Depth (cm)  |  EnergyDeposit (a.u.)  |  Error (%)
0.025    1.8662366e-01    0.0860
0.075    1.9129647e-01    0.0866
0.125    1.9229749e-01    0.0896
0.175    1.9292181e-01    0.0883
0.225    1.9372480e-01    0.0896
0.275    1.9411372e-01    0.0890
0.325    1.9492674e-01    0.0923
0.375    1.9556714e-01    0.0923
0.425    1.9590253e-01    0.0907
0.475    1.9659144e-01    0.0925
0.525    1.9702777e-01    0.0921
0.575    1.9749013e-01    0.0911
0.625    1.9799427e-01    0.0944
0.675    1.9832066e-01    0.0900
0.725    1.9883819e-01    0.0911
0.775    1.9937816e-01    0.0929
0.825    1.9993009e-01    0.0934
0.875    2.0021224e-01    0.0922
0.925    2.0080954e-01    0.0939
0.975    2.0116919e-01    0.0924
1.025    2.0167087e-01    0.0951
1.075    2.0180159e-01    0.0917
1.125    2.0228378e-01    0.0922
1.175    2.0259499e-01    0.0906
1.225    2.0317754e-01    0.0922
1.275    2.0351023e-01    0.0919
1.325    2.0401834e-01    0.0919
1.375    2.0436042e-01    0.0924
1.425    2.0471243e-01    0.0905
1.475    2.0517017e-01    0.0922
1.525    2.0558887e-01    0.0930
1.575    2.0594660e-01    0.0929
1.625    2.0622276e-01    0.0923
1.675    2.0662587e-01    0.0906
1.725    2.0686109e-01    0.0899
1.775    2.0727014e-01    0.0894
1.825    2.0790082e-01    0.0924
1.875    2.0830467e-01    0.0928
1.925    2.0865158e-01    0.0917
1.975    2.0916066e-01    0.0932
2.025    2.0930674e-01    0.0886
2.075    2.0956711e-01    0.0893
2.125    2.1026568e-01    0.0918
2.175    2.1064309e-01    0.0931
2.225    2.1095340e-01    0.0917
2.275    2.1129937e-01    0.0913
2.325    2.1190099e-01    0.0942
2.375    2.1199037e-01    0.0925
2.425    2.1220457e-01    0.0913
2.475    2.1247433e-01    0.0894
2.525    2.1295712e-01    0.0904
2.575    2.1352714e-01    0.0910
2.625    2.1381483e-01    0.0898
2.675    2.1411421e-01    0.0901
2.725    2.1450708e-01    0.0897
2.775    2.1477502e-01    0.0890
2.825    2.1520378e-01    0.0895
2.875    2.1562944e-01    0.0905
2.925    2.1596367e-01    0.0893
2.975    2.1642523e-01    0.0898
3.025    2.1671158e-01    0.0891
3.075    2.1693494e-01    0.0876
3.125    2.1746586e-01    0.0893
3.175    2.1800637e-01    0.0906
3.225    2.1815857e-01    0.0895
3.275    2.1857278e-01    0.0881
3.325    2.1891246e-01    0.0886
3.375    2.1909724e-01    0.0856
3.425    2.1957269e-01    0.0875
3.475    2.2007224e-01    0.0887
3.525    2.2045716e-01    0.0889
3.575    2.2080055e-01    0.0879
3.625    2.2097816e-01    0.0864
3.675    2.2141177e-01    0.0867
3.725    2.2179749e-01    0.0872
3.775    2.2220397e-01    0.0878
3.825    2.2259358e-01    0.0879
3.875    2.2264381e-01    0.0845
3.925    2.2326896e-01    0.0858
3.975    2.2354267e-01    0.0855
4.025    2.2401474e-01    0.0869
4.075    2.2443237e-01    0.0872
4.125    2.2477262e-01    0.0870
4.175    2.2503526e-01    0.0849
4.225    2.2534477e-01    0.0854
4.275    2.2579022e-01    0.0855
4.325    2.2613862e-01    0.0850
4.375    2.2663759e-01    0.0859
4.425    2.2708154e-01    0.0855
4.475    2.2734665e-01    0.0847
4.525    2.2772808e-01    0.0838
4.575    2.2820410e-01    0.0845
4.625    2.2854971e-01    0.0834
4.675    2.2907148e-01    0.0844
4.725    2.2947674e-01    0.0844
4.775    2.2985273e-01    0.0845
4.825    2.3017139e-01    0.0848
4.875    2.3050796e-01    0.0831
4.925    2.3096574e-01    0.0839
4.975    2.3130076e-01    0.0833
5.025    2.3160955e-01    0.0827
5.075    2.3214727e-01    0.0832
5.125    2.3251133e-01    0.0827
5.175    2.3295063e-01    0.0839
5.225    2.3332940e-01    0.0818
5.275    2.3376697e-01    0.0828
5.325    2.3439432e-01    0.0831
5.375    2.3462899e-01    0.0816
5.425    2.3516664e-01    0.0828
5.475    2.3558812e-01    0.0820
5.525    2.3594108e-01    0.0822
5.575    2.3609171e-01    0.0795
5.625    2.3677006e-01    0.0808
5.675    2.3755971e-01    0.0831
5.725    2.3758576e-01    0.0792
5.775    2.3818513e-01    0.0810
5.825    2.3866112e-01    0.0804
5.875    2.3910844e-01    0.0797
5.925    2.3973907e-01    0.0824
5.975    2.4015284e-01    0.0816
6.025    2.4041352e-01    0.0792
6.075    2.4076133e-01    0.0780
6.125    2.4141238e-01    0.0803
6.175    2.4187186e-01    0.0805
6.225    2.4243500e-01    0.0793
6.275    2.4285822e-01    0.0791
6.325    2.4324730e-01    0.0787
6.375    2.4383454e-01    0.0791
6.425    2.4426159e-01    0.0778
6.475    2.4455872e-01    0.0773
6.525    2.4515830e-01    0.0775
6.575    2.4573399e-01    0.0782
6.625    2.4619465e-01    0.0775
6.675    2.4651371e-01    0.0770
6.725    2.4696424e-01    0.0769
6.775    2.4753818e-01    0.0775
6.825    2.4808065e-01    0.0770
6.875    2.4875605e-01    0.0784
6.925    2.4930077e-01    0.0774
6.975    2.4967504e-01    0.0769
7.025    2.5019261e-01    0.0769
7.075    2.5083045e-01    0.0771
7.125    2.5145844e-01    0.0773
7.175    2.5205073e-01    0.0776
7.225    2.5228205e-01    0.0745
7.275    2.5316793e-01    0.0767
7.325    2.5376923e-01    0.0783
7.375    2.5403772e-01    0.0758
7.425    2.5467347e-01    0.0755
7.475    2.5519817e-01    0.0750
7.525    2.5582460e-01    0.0754
7.575    2.5604081e-01    0.0732
7.625    2.5666400e-01    0.0739
7.675    2.5716722e-01    0.0728
7.725    2.5799004e-01    0.0742
7.775    2.5865438e-01    0.0740
7.825    2.5927436e-01    0.0741
7.875    2.6001949e-01    0.0750
7.925    2.6077394e-01    0.0754
7.975    2.6120979e-01    0.0736
8.025    2.6200956e-01    0.0754
8.075    2.6233482e-01    0.0715
8.125    2.6311219e-01    0.0734
8.175    2.6368701e-01    0.0732
8.225    2.6433230e-01    0.0720
8.275    2.6507355e-01    0.0725
8.325    2.6565385e-01    0.0726
8.375    2.6629739e-01    0.0714
8.425    2.6699054e-01    0.0715
8.475    2.6765180e-01    0.0709
8.525    2.6855231e-01    0.0724
8.575    2.6919724e-01    0.0720
8.625    2.7009411e-01    0.0724
8.675    2.7077053e-01    0.0717
8.725    2.7134072e-01    0.0706
8.775    2.7218395e-01    0.0710
8.825    2.7322713e-01    0.0727
8.875    2.7369101e-01    0.0703
8.925    2.7457043e-01    0.0710
8.975    2.7521240e-01    0.0700
9.025    2.7598355e-01    0.0694
9.075    2.7687351e-01    0.0692
9.125    2.7748559e-01    0.0678
9.175    2.7852952e-01    0.0695
9.225    2.7935481e-01    0.0692
9.275    2.7995369e-01    0.0683
9.325    2.8100286e-01    0.0688
9.375    2.8159047e-01    0.0670
9.425    2.8277393e-01    0.0686
9.475    2.8363067e-01    0.0676
9.525    2.8460280e-01    0.0676
9.575    2.8545932e-01    0.0674
9.625    2.8614999e-01    0.0664
9.675    2.8734403e-01    0.0675
9.725    2.8831403e-01    0.0667
9.775    2.8909195e-01    0.0658
9.825    2.9015945e-01    0.0658
9.875    2.9123431e-01    0.0665
9.925    2.9213026e-01    0.0655
9.975    2.9318680e-01    0.0651
10.025   2.9430808e-01    0.0653
10.075   2.9525582e-01    0.0647
10.125   2.9639163e-01    0.0653
10.175   2.9744420e-01    0.0648
10.225   2.9871937e-01    0.0654
10.275   2.9965303e-01    0.0642
10.325   3.0081243e-01    0.0632
10.375   3.0207059e-01    0.0634
10.425   3.0319780e-01    0.0632
10.475   3.0473490e-01    0.0644
10.525   3.0582137e-01    0.0634
10.575   3.0717226e-01    0.0644
10.625   3.0835426e-01    0.0627
10.675   3.0951967e-01    0.0620
10.725   3.1091671e-01    0.0620
10.775   3.1247183e-01    0.0631
10.825   3.1401926e-01    0.0622
10.875   3.1528894e-01    0.0618
10.925   3.1665971e-01    0.0611
10.975   3.1815688e-01    0.0615
11.025   3.1975513e-01    0.0612
11.075   3.2143703e-01    0.0613
11.125   3.2280315e-01    0.0607
11.175   3.2462597e-01    0.0613
11.225   3.2626324e-01    0.0609
11.275   3.2770601e-01    0.0598
11.325   3.2942916e-01    0.0598
11.375   3.3122069e-01    0.0591
11.425   3.3314296e-01    0.0593
11.475   3.3511869e-01    0.0593
11.525   3.3701682e-01    0.0586
11.575   3.3899934e-01    0.0589
11.625   3.4086863e-01    0.0583
11.675   3.4280884e-01    0.0579
11.725   3.4480106e-01    0.0572
11.775   3.4717724e-01    0.0576
11.825   3.4932293e-01    0.0573
11.875   3.5178983e-01    0.0575
11.925   3.5418776e-01    0.0573
11.975   3.5644944e-01    0.0560
12.025   3.5906594e-01    0.0560
12.075   3.6201130e-01    0.0559
12.125   3.6466601e-01    0.0554
12.175   3.6755205e-01    0.0556
12.225   3.7039295e-01    0.0551
12.275   3.7357918e-01    0.0555
12.325   3.7646451e-01    0.0547
12.375   3.7956536e-01    0.0542
12.425   3.8292144e-01    0.0544
12.475   3.8627939e-01    0.0546
12.525   3.8953816e-01    0.0534
12.575   3.9306040e-01    0.0530
12.625   3.9699910e-01    0.0535
12.675   4.0080521e-01    0.0531
12.725   4.0499202e-01    0.0531
12.775   4.0945451e-01    0.0535
12.825   4.1380995e-01    0.0537
12.875   4.1854241e-01    0.0538
12.925   4.2342612e-01    0.0541
12.975   4.2834610e-01    0.0535
13.025   4.3357048e-01    0.0532
13.075   4.3933588e-01    0.0536
13.125   4.4476545e-01    0.0527
13.175   4.5042166e-01    0.0516
13.225   4.5659666e-01    0.0513
13.275   4.6333637e-01    0.0511
13.325   4.7020602e-01    0.0503
13.375   4.7758467e-01    0.0496
13.425   4.8554017e-01    0.0492
13.475   4.9394576e-01    0.0489
13.525   5.0275699e-01    0.0478
13.575   5.1251858e-01    0.0475
13.625   5.2285031e-01    0.0469
13.675   5.3418334e-01    0.0468
13.725   5.4607881e-01    0.0461
13.775   5.5944930e-01    0.0461
13.825   5.7381012e-01    0.0458
13.875   5.8970276e-01    0.0457
13.925   6.0758403e-01    0.0458
13.975   6.2686085e-01    0.0458
14.025   6.4837240e-01    0.0458
14.075   6.7282068e-01    0.0461
14.125   7.0063114e-01    0.0462
14.175   7.3275618e-01    0.0468
14.225   7.6960128e-01    0.0474
14.275   8.1177183e-01    0.0484
14.325   8.5950888e-01    0.0500
14.375   9.0889082e-01    0.0519
14.425   9.5573666e-01    0.0544
14.475   9.8987504e-01    0.0578
14.525   1.0000000e+00    0.0624
14.575   9.7405513e-01    0.0690
14.625   9.0417843e-01    0.0781
14.675   7.9113011e-01    0.0909
14.725   6.4686751e-01    0.1085
14.775   4.8958438e-01    0.1333
14.825   3.4124184e-01    0.1684
14.875   2.1761029e-01    0.2195
14.925   1.2621090e-01    0.2967
14.975   6.6541373e-02    0.4163
15.025   3.1823258e-02    0.6088
15.075   1.3966620e-02    0.9288
15.125   5.8064202e-03    1.4397
15.175   2.6334007e-03    2.1869
15.225   1.3602233e-03    2.9960
15.275   1.0106279e-03    3.4962
15.325   9.3154930e-04    3.7880
15.375   9.0954444e-04    3.7952
15.425   8.9486506e-04    3.6553
15.475   9.1952191e-04    3.8745
15.525   9.1768296e-04    3.7654
15.575   9.1021412e-04    3.7418
15.625   9.2197000e-04    3.8866
15.675   8.9466456e-04    3.9868
15.725   8.8660557e-04    3.8670
15.775   8.4345217e-04    3.7274
15.825   8.7730588e-04    3.8670
15.875   9.1514053e-04    4.1466
15.925   8.7738954e-04    4.0147
15.975   8.5058636e-04    3.8283
16.025   8.7277124e-04    4.3336
16.075   8.5173946e-04    3.8313
16.125   8.4096908e-04    3.8520
16.175   8.7325022e-04    3.9099
16.225   8.3950337e-04    3.8037
16.275   8.2917701e-04    3.9735
16.325   8.3788171e-04    3.9945
16.375   8.4072973e-04    4.0893
16.425   8.0870007e-04    4.0433
16.475   7.7570996e-04    3.9887
16.525   8.1708108e-04    3.9372
16.575   8.2168999e-04    4.0862
16.625   8.0747634e-04    4.2116
16.675   7.9282534e-04    4.0226
16.725   7.9469664e-04    4.1137
16.775   7.7496990e-04    3.9826
16.825   7.3899302e-04    3.8814
16.875   7.7368567e-04    4.0524
16.925   7.8212198e-04    4.2136
16.975   7.7911527e-04    3.9208
17.025   7.8612007e-04    4.0837
17.075   7.5663962e-04    3.9224
17.125   7.5796154e-04    4.3627
17.175   7.6377913e-04    4.4149
17.225   7.5218130e-04    4.0959
17.275   7.1646681e-04    4.2703
17.325   7.5760710e-04    4.3396
17.375   7.1610151e-04    4.3149
17.425   7.3035249e-04    4.2858
17.475   7.2010475e-04    4.0904
17.525   7.2335734e-04    4.2321
17.575   6.7891617e-04    4.0999
17.625   6.9744173e-04    4.2091
17.675   7.1839866e-04    4.1557
17.725   7.1426218e-04    4.3092
17.775   7.2651102e-04    4.4588
17.825   6.7638277e-04    4.3616
17.875   6.8450374e-04    4.5200
17.925   6.7884272e-04    4.2031
17.975   6.5498479e-04    4.3773
18.025   6.5415060e-04    4.3486
18.075   6.4601409e-04    4.3126
18.125   6.6014284e-04    4.3526
18.175   6.8269345e-04    4.2372
18.225   6.6124623e-04    4.4245
18.275   6.8144436e-04    4.2467
18.325   6.7078297e-04    4.4256
18.375   6.5775150e-04    4.1514
18.425   6.8055561e-04    4.3571
18.475   6.8667481e-04    4.4919
18.525   6.5872085e-04    4.5192
18.575   6.2210996e-04    4.4312
18.625   6.3645747e-04    4.3742
18.675   6.2575499e-04    4.4367
18.725   6.3325020e-04    4.5715
18.775   6.0565217e-04    4.3779
18.825   6.2940960e-04    4.7128
18.875   6.0625605e-04    4.7439
18.925   6.2974862e-04    4.7530
18.975   6.4025446e-04    4.6790
19.025   6.3382985e-04    4.5690
19.075   6.0487720e-04    4.6026
19.125   6.1888712e-04    4.6184
19.175   6.0663086e-04    4.7079
19.225   5.7340538e-04    4.5671
19.275   5.8537959e-04    4.7508
19.325   5.8612146e-04    4.6849
19.375   5.8844819e-04    5.0072
19.425   5.7884704e-04    4.5790
19.475   5.8654480e-04    4.7328
19.525   5.4837947e-04    4.6992
19.575   5.4695819e-04    4.9514
19.625   5.3733560e-04    4.6243
19.675   5.8237407e-04    5.0797
19.725   5.7861529e-04    4.9531
19.775   5.4406491e-04    4.7184
19.825   5.6495144e-04    4.8910
19.875   5.3496498e-04    4.8807
19.925   5.4881830e-04    4.9010
19.975   5.1767642e-04    4.6732
20.025   5.5109070e-04    5.0931
20.075   5.2818478e-04    4.9932
20.125   5.4060608e-04    5.1289
20.175   5.7926812e-04    5.0105
20.225   5.2062603e-04    4.6622
20.275   5.3584042e-04    4.9795
20.325   5.4942386e-04    5.2943
20.375   4.9577249e-04    4.8724
20.425   4.9974680e-04    5.0422
20.475   4.9228675e-04    4.8501
20.525   5.1326903e-04    5.2753
20.575   5.1670357e-04    5.0998
20.625   4.8814577e-04    5.0049
20.675   5.0567947e-04    4.8502
20.725   4.8910598e-04    5.0694
20.775   5.0417765e-04    5.1424
20.825   5.0859195e-04    5.5316
20.875   5.0257886e-04    5.1080
20.925   5.0309801e-04    5.2859
20.975   4.7267043e-04    4.9239
21.025   4.8835495e-04    5.0886
21.075   4.7580977e-04    5.0304
21.125   4.8109056e-04    5.1253
21.175   4.6901019e-04    5.1345
21.225   4.8879093e-04    5.0993
21.275   4.8638074e-04    5.0249
21.325   5.0068853e-04    5.3437
21.375   4.6479566e-04    5.4817
21.425   4.5226328e-04    5.6281
21.475   4.8008416e-04    5.2348
21.525   4.7254996e-04    5.2852
21.575   4.8347733e-04    5.3554
21.625   4.7613288e-04    5.3754
21.675   4.5372367e-04    5.3436
21.725   4.8612013e-04    5.3137
21.775   4.4718749e-04    5.0525
21.825   4.7014860e-04    5.2832
21.875   4.6586888e-04    5.2957
21.925   4.9631678e-04    5.6166
21.975   4.8039536e-04    5.3741
22.025   4.7303418e-04    5.1923
22.075   4.4876650e-04    5.5660
22.125   4.5107488e-04    5.3144
22.175   4.6326563e-04    5.5052
22.225   4.5251930e-04    5.2092
22.275   4.4083875e-04    5.9140
22.325   4.2014067e-04    5.4802
22.375   4.2693055e-04    5.3936
22.425   4.3342844e-04    5.3323
22.475   4.3549844e-04    5.8349
22.525   4.4725127e-04    5.4340
22.575   4.3214740e-04    5.8462
22.625   4.2431326e-04    5.7931
22.675   4.3568924e-04    6.1024
22.725   4.2261651e-04    5.7866
22.775   3.9429809e-04    5.7162
22.825   4.0800538e-04    5.9913
22.875   3.8804215e-04    5.3091
22.925   3.8677190e-04    5.7926
22.975   3.9903400e-04    5.6475
23.025   3.9891584e-04    5.8320
23.075   4.0005043e-04    5.7182
23.125   3.8615880e-04    5.8531
23.175   3.6607089e-04    5.3604
23.225   4.0262995e-04    5.8995
23.275   4.0780678e-04    5.7881
23.325   4.0271545e-04    5.5607
23.375   4.0776361e-04    5.5077
23.425   3.8088786e-04    5.5597
23.475   3.9592469e-04    5.6460
23.525   3.9945463e-04    5.7483
23.575   3.6699696e-04    5.6642
23.625   3.9866571e-04    5.9625
23.675   3.8764660e-04    5.8499
23.725   3.7193255e-04    6.1625
23.775   3.6233302e-04    5.9981
23.825   3.7275247e-04    5.8276
23.875   3.6148895e-04    5.8235
23.925   3.4846710e-04    5.5873
23.975   3.7849107e-04    6.2102
24.025   3.5351555e-04    6.1470
24.075   3.6239751e-04    6.0549
24.125   3.5923434e-04    5.9355
24.175   3.3037247e-04    6.0565
24.225   3.2933174e-04    6.0605
24.275   3.5174722e-04    6.1076
24.325   3.2857285e-04    5.9847
24.375   3.5073512e-04    6.1021
24.425   3.3141396e-04    5.7952
24.475   3.2791258e-04    6.3968
24.525   3.3542662e-04    6.3096
24.575   3.4115634e-04    6.1200
24.625   3.3930194e-04    6.5116
24.675   3.5257798e-04    6.4741
24.725   3.2110213e-04    6.0171
24.775   3.2632802e-04    6.3743
24.825   3.3446064e-04    6.1450
24.875   3.3293542e-04    6.0961
24.925   3.2828404e-04    6.2727
24.975   3.1563886e-04    6.2749
25.025   3.2972642e-04    6.0263
25.075   3.2214904e-04    6.5956
25.125   3.2307803e-04    6.8702
25.175   3.4018099e-04    6.7095
25.225   3.1178834e-04    6.2685
25.275   3.3575752e-04    6.6212
25.325   3.0163642e-04    5.9291
25.375   3.1859580e-04    6.1666
25.425   3.0849784e-04    6.1130
25.475   3.0842279e-04    6.1627
25.525   3.2172195e-04    6.2005
25.575   3.2601505e-04    6.2763
25.625   3.2126601e-04    6.3971
25.675   3.3183730e-04    6.8702
25.725   3.2093191e-04    7.1032
25.775   2.9995050e-04    6.3541
25.825   3.1458040e-04    6.7098
25.875   2.8354252e-04    6.2898
25.925   2.9820462e-04    7.2318
25.975   3.1397808e-04    6.1163
26.025   3.1395028e-04    6.8271
26.075   3.2530822e-04    6.7909
26.125   3.0376839e-04    6.5496
26.175   2.9298304e-04    6.7339
26.225   3.1081934e-04    7.3397
26.275   3.0933911e-04    6.9889
26.325   2.6259598e-04    6.4371
26.375   2.7391111e-04    7.2500
26.425   2.7880204e-04    6.6302
26.475   2.8644639e-04    7.5918
26.525   2.8884401e-04    6.9427
26.575   3.1715217e-04    7.3334
26.625   2.8552446e-04    7.2534
26.675   2.8078934e-04    7.0538
26.725   2.8372873e-04    7.5307
26.775   2.7849726e-04    7.1380
26.825   2.6299077e-04    6.9073
26.875   2.4599454e-04    6.9637
26.925   2.5229113e-04    6.6522
26.975   2.8005037e-04    7.1065
27.025   2.8335587e-04    7.2797
27.075   2.6685477e-04    6.9982
27.125   2.6249474e-04    6.6045
27.175   2.8014953e-04    7.0199
27.225   2.6799103e-04    7.4833
27.275   2.6110675e-04    7.1111
27.325   2.6237748e-04    7.2759
27.375   2.6848653e-04    6.8315
27.425   2.4725429e-04    7.0499
27.475   2.5431188e-04    7.5554
27.525   2.6019979e-04    7.0534
27.575   2.6201905e-04    7.4073
27.625   2.3807979e-04    7.1677
27.675   2.6879467e-04    6.8987
27.725   2.8619670e-04    7.3767
27.775   2.6282411e-04    6.9540
27.825   2.6789154e-04    7.2994
27.875   2.6412353e-04    7.7154
27.925   2.4491410e-04    7.0445
27.975   2.4979519e-04    7.4386
28.025   2.5565939e-04    7.1882
28.075   2.5553422e-04    7.5178
28.125   2.4123397e-04    7.4274
28.175   2.4682277e-04    7.6656
28.225   2.5106865e-04    7.9934
28.275   2.4384789e-04    8.2190
28.325   2.1226668e-04    7.8939
28.375   2.1554864e-04    7.6503
28.425   2.1971079e-04    7.4917
28.475   2.3392024e-04    7.7584
28.525   2.1329113e-04    8.1022
28.575   2.2954007e-04    8.4112
28.625   2.2449291e-04    8.2125
28.675   2.1043469e-04    7.5821
28.725   2.1802455e-04    8.1515
28.775   2.2672370e-04    7.9402
28.825   2.2940983e-04    8.5591
28.875   2.4322931e-04    7.8869
28.925   2.1461979e-04    7.7851
28.975   2.1976592e-04    8.7454
29.025   2.0896970e-04    7.1833
29.075   2.0960245e-04    7.7701
29.125   1.9480837e-04    6.7476
29.175   2.3346711e-04    8.2959
29.225   2.1105628e-04    8.1976
29.275   1.8540165e-04    7.5611
29.325   1.9115643e-04    8.7600
29.375   2.1054590e-04    8.0884
29.425   1.9951989e-04    7.4674
29.475   2.1229749e-04    8.2454
29.525   1.8548127e-04    7.8649
29.575   1.8829310e-04    8.4220
29.625   2.0260322e-04    8.1070
29.675   2.0668953e-04    7.9738
29.725   2.0608744e-04    7.9157
29.775   1.9259031e-04    7.8933
29.825   2.2367406e-04    7.9404
29.875   2.0676165e-04    7.5536
29.925   2.2560117e-04    8.1880
29.975   2.0947121e-04    8.5816
30.025   2.1811682e-04    7.6905
30.075   2.1870451e-04    8.1683
30.125   2.1146490e-04    8.3101
30.175   2.0443585e-04    8.1796
30.225   2.1665526e-04    8.8878
30.275   2.0883265e-04    8.1210
30.325   2.0937056e-04    8.2119
30.375   2.0987294e-04    8.0385
30.425   1.9976685e-04    8.4888
30.475   1.9003943e-04    8.1194
30.525   1.9716102e-04    9.5366
30.575   2.0209697e-04    8.6627
30.625   1.9383997e-04    8.6628
30.675   1.8256287e-04    8.9978
30.725   1.8600199e-04    7.8340
30.775   2.0450632e-04    8.2686
30.825   2.1389640e-04    8.4303
30.875   1.9803392e-04    8.1540
30.925   1.9527770e-04    8.7487
30.975   1.7723741e-04    7.9336
31.025   1.8633931e-04    9.3948
31.075   2.0184228e-04    9.5683
31.125   1.8888519e-04    8.5503
31.175   1.8233688e-04    8.5813
31.225   1.7732412e-04    9.2169
31.275   1.7647671e-04    9.0120
31.325   1.7949939e-04    8.2619
31.375   1.9049369e-04    8.7072
31.425   1.7949718e-04    7.7277
31.475   1.7953934e-04    7.9406
31.525   1.7140010e-04    8.2576
31.575   1.8127200e-04    8.2798
31.625   1.8044647e-04    8.2276
31.675   1.9452097e-04    9.6076
31.725   1.8065085e-04    8.6495
31.775   1.8612341e-04    8.2107
31.825   1.8258489e-04    9.0110
31.875   1.8141698e-04    9.0692
31.925   1.7312974e-04    9.0890
31.975   1.7243561e-04    9.2156
32.025   1.6107595e-04    8.6295
32.075   1.5145143e-04    9.1987
32.125   1.7532637e-04    9.0630
32.175   1.5394231e-04    8.4260
32.225   1.7216499e-04    8.7741
32.275   1.7825263e-04    8.9962
32.325   1.7302687e-04    8.8151
32.375   1.7017189e-04    9.4427
32.425   1.6496045e-04    9.6307
32.475   1.6350155e-04    8.9997
32.525   1.5553705e-04    9.3243
32.575   1.5384722e-04    10.2682
32.625   1.6099844e-04    9.5449
32.675   1.5485772e-04    8.9503
32.725   1.5173264e-04    8.6609
32.775   1.5986683e-04    9.8331
32.825   1.5949031e-04    9.5427
32.875   1.6521183e-04    9.0389
32.925   1.7050507e-04    9.4865
32.975   1.5602179e-04    8.8839
33.025   1.5219977e-04    9.6326
33.075   1.6850251e-04    10.1771
33.125   1.6407043e-04    9.7251
33.175   1.6504250e-04    9.0547
33.225   1.6319096e-04    9.4382
33.275   1.5763496e-04    9.4209
33.325   1.5019380e-04    9.0670
33.375   1.6014857e-04    9.4757
33.425   1.5533127e-04    8.9373
33.475   1.4826234e-04    9.1883
33.525   1.5243843e-04    8.9667
33.575   1.6542890e-04    9.2126
33.625   1.5172244e-04    9.6336
33.675   1.6360121e-04    8.8615
33.725   1.5568698e-04    8.9158
33.775   1.5451110e-04    9.0730
33.825   1.5505951e-04    8.9967
33.875   1.4268600e-04    9.1939
33.925   1.6315778e-04    9.8919
33.975   1.7196510e-04    10.3193
34.025   1.4888908e-04    9.0586
34.075   1.5293520e-04    9.2203
34.125   1.4724214e-04    8.9681
34.175   1.4923477e-04    10.1637
34.225   1.3711578e-04    8.8653
34.275   1.2937167e-04    8.9061
34.325   1.4569403e-04    9.8188
34.375   1.5069550e-04    9.7673
34.425   1.4254212e-04    8.8303
34.475   1.4338910e-04    8.6342
34.525   1.4519340e-04    9.5303
34.575   1.6189754e-04    10.8502
34.625   1.4543973e-04    9.3625
34.675   1.3733059e-04    9.4627
34.725   1.3114313e-04    9.7927
34.775   1.2902762e-04    9.7213
34.825   1.4262873e-04    10.0926
34.875   1.4316944e-04    10.0756
34.925   1.2748632e-04    9.1057
34.975   1.3315738e-04    9.7853
35.025   1.4981987e-04    10.2031
35.075   1.3811830e-04    9.2318
35.125   1.2483294e-04    10.1244
35.175   1.2980302e-04    10.0322
35.225   1.2732756e-04    10.1595
35.275   1.2741219e-04    10.2256
35.325   1.2453588e-04    9.5363
35.375   1.2520429e-04    10.6189
35.425   1.2507888e-04    9.4130
35.475   1.3041715e-04    9.6595
35.525   1.3526575e-04    10.5230
35.575   1.2640535e-04    9.5203
35.625   1.2325405e-04    10.0294
35.675   1.3247237e-04    10.2558
35.725   1.1490997e-04    10.5505
35.775   1.3886513e-04    11.2188
35.825   1.3801419e-04    10.5343
35.875   1.3682966e-04    10.3973
35.925   1.1899081e-04    9.8722
35.975   1.1775861e-04    10.9687
36.025   1.1634962e-04    11.4497
36.075   1.0895034e-04    11.1210
36.125   1.2618110e-04    12.4534
36.175   1.2099802e-04    10.0865
36.225   1.2523419e-04    9.9089
36.275   1.1924371e-04    10.2576
36.325   1.1237296e-04    10.3105
36.375   1.3124595e-04    11.7846
36.425   1.2023899e-04    10.1354
36.475   1.1654231e-04    11.0240
36.525   1.0940587e-04    11.1060
36.575   1.1247334e-04    10.0685
36.625   1.2981973e-04    10.9003
36.675   1.2214786e-04    10.8618
36.725   1.1107732e-04    11.5770
36.775   1.1691189e-04    10.3308
36.825   1.3340274e-04    11.7139
36.875   9.9097197e-05    9.6643
36.925   1.1478872e-04    11.3560
36.975   1.1943167e-04    12.3262
37.025   1.1548423e-04    12.6622
37.075   1.1136454e-04    10.4358
37.125   1.0167111e-04    11.2382
37.175   1.2092969e-04    10.8121
37.225   1.2498888e-04    11.7734
37.275   1.0567093e-04    11.1071
37.325   1.1101299e-04    10.1228
37.375   1.0601420e-04    10.3396
37.425   1.1814732e-04    11.7372
37.475   1.1839396e-04    12.9888
37.525   1.1407502e-04    10.7131
37.575   1.1278071e-04    11.2289
37.625   1.1337892e-04    12.3904
37.675   1.1292763e-04    11.7040
37.725   1.0355726e-04    11.1665
37.775   1.0893526e-04    13.3261
37.825   1.1669101e-04    11.8457
37.875   1.0424859e-04    11.6413
37.925   1.0337510e-04    10.6058
37.975   9.7959752e-05    11.4225
38.025   1.1954585e-04    11.8013
38.075   9.9810184e-05    10.9232
38.125   8.8528144e-05    11.3287
38.175   8.8642732e-05    12.7488
38.225   1.0406317e-04    11.4660
38.275   1.0700128e-04    12.0120
38.325   9.8558776e-05    10.4512
38.375   9.7798771e-05    11.4159
38.425   9.9645477e-05    11.9847
38.475   9.6504179e-05    11.5363
38.525   9.3076357e-05    11.3779
38.575   9.3516082e-05    11.9007
38.625   9.5257562e-05    13.2446
38.675   1.0831468e-04    12.0178
38.725   8.6670772e-05    11.5432
38.775   9.0705631e-05    11.4258
38.825   8.9352106e-05    11.9789
38.875   8.2329785e-05    10.5803
38.925   9.9580571e-05    13.1749
38.975   8.6831018e-05    12.7629
39.025   8.9064890e-05    10.5517
39.075   1.0446826e-04    12.4681
39.125   9.6164398e-05    13.1425
39.175   8.7182707e-05    11.6054
39.225   8.9352961e-05    11.9763
39.275   9.6607865e-05    13.2490
39.325   8.7494041e-05    11.7117
39.375   8.0719160e-05    12.5080
39.425   7.5235346e-05    13.2253
39.475   8.4900737e-05    11.4512
39.525   8.6952679e-05    11.7922
39.575   8.9401622e-05    11.5955
39.625   8.8500726e-05    12.1079
39.675   8.4681731e-05    14.5867
39.725   8.6293247e-05    14.9614
39.775   7.9261863e-05    12.4633
39.825   8.3432640e-05    11.6700
39.875   9.1213264e-05    12.6946
39.925   9.5375926e-05    13.1870
39.975   8.7766683e-05    13.5753
