SOBP group - Emax: 150 MeV - Width (X): 30%
Energy of the incident proton beam: 139.537 MeV
Depth (cm)  |  EnergyDeposit (a.u.)  |  Error (%)
0.025    1.8543181e-01    0.0853
0.075    1.8998928e-01    0.0860
0.125    1.9101100e-01    0.0906
0.175    1.9165528e-01    0.0899
0.225    1.9238417e-01    0.0900
0.275    1.9301814e-01    0.0924
0.325    1.9368565e-01    0.0935
0.375    1.9422877e-01    0.0917
0.425    1.9460104e-01    0.0896
0.475    1.9521256e-01    0.0913
0.525    1.9570167e-01    0.0921
0.575    1.9639468e-01    0.0938
0.625    1.9650404e-01    0.0917
0.675    1.9706405e-01    0.0920
0.725    1.9774012e-01    0.0939
0.775    1.9807788e-01    0.0936
0.825    1.9852196e-01    0.0904
0.875    1.9872269e-01    0.0892
0.925    1.9939137e-01    0.0915
0.975    1.9993500e-01    0.0932
1.025    2.0053010e-01    0.0943
1.075    2.0069206e-01    0.0911
1.125    2.0103065e-01    0.0903
1.175    2.0150852e-01    0.0921
1.225    2.0202066e-01    0.0934
1.275    2.0231789e-01    0.0915
1.325    2.0282023e-01    0.0918
1.375    2.0328682e-01    0.0933
1.425    2.0358084e-01    0.0914
1.475    2.0407358e-01    0.0921
1.525    2.0441920e-01    0.0921
1.575    2.0476135e-01    0.0920
1.625    2.0533343e-01    0.0934
1.675    2.0552300e-01    0.0901
1.725    2.0591692e-01    0.0916
1.775    2.0633662e-01    0.0910
1.825    2.0679892e-01    0.0922
1.875    2.0726981e-01    0.0933
1.925    2.0760173e-01    0.0925
1.975    2.0799551e-01    0.0931
2.025    2.0828404e-01    0.0919
2.075    2.0850866e-01    0.0900
2.125    2.0908762e-01    0.0910
2.175    2.0939945e-01    0.0906
2.225    2.0990359e-01    0.0917
2.275    2.1028685e-01    0.0916
2.325    2.1073578e-01    0.0911
2.375    2.1107614e-01    0.0912
2.425    2.1133371e-01    0.0909
2.475    2.1158549e-01    0.0890
2.525    2.1226265e-01    0.0916
2.575    2.1259151e-01    0.0896
2.625    2.1287808e-01    0.0897
2.675    2.1338415e-01    0.0916
2.725    2.1347563e-01    0.0882
2.775    2.1418780e-01    0.0924
2.825    2.1451704e-01    0.0909
2.875    2.1496154e-01    0.0916
2.925    2.1514186e-01    0.0893
2.975    2.1558646e-01    0.0890
3.025    2.1594539e-01    0.0878
3.075    2.1628406e-01    0.0878
3.125    2.1661279e-01    0.0870
3.175    2.1727595e-01    0.0902
3.225    2.1758744e-01    0.0880
3.275    2.1785060e-01    0.0881
3.325    2.1835090e-01    0.0888
3.375    2.1878542e-01    0.0895
3.425    2.1903288e-01    0.0866
3.475    2.1942994e-01    0.0874
3.525    2.1997768e-01    0.0893
3.575    2.2017948e-01    0.0860
3.625    2.2075316e-01    0.0876
3.675    2.2104261e-01    0.0870
3.725    2.2145683e-01    0.0876
3.775    2.2184186e-01    0.0870
3.825    2.2225940e-01    0.0880
3.875    2.2269768e-01    0.0880
3.925    2.2295350e-01    0.0846
3.975    2.2364952e-01    0.0883
4.025    2.2372604e-01    0.0856
4.075    2.2412795e-01    0.0855
4.125    2.2463275e-01    0.0865
4.175    2.2471592e-01    0.0847
4.225    2.2522912e-01    0.0842
4.275    2.2563484e-01    0.0836
4.325    2.2625730e-01    0.0851
4.375    2.2638711e-01    0.0836
4.425    2.2683269e-01    0.0838
4.475    2.2732505e-01    0.0856
4.525    2.2783230e-01    0.0841
4.575    2.2823729e-01    0.0839
4.625    2.2872791e-01    0.0845
4.675    2.2903760e-01    0.0833
4.725    2.2967114e-01    0.0846
4.775    2.2981271e-01    0.0820
4.825    2.3030693e-01    0.0826
4.875    2.3093303e-01    0.0839
4.925    2.3126073e-01    0.0828
4.975    2.3170657e-01    0.0835
5.025    2.3208704e-01    0.0825
5.075    2.3245371e-01    0.0823
5.125    2.3293840e-01    0.0819
5.175    2.3349466e-01    0.0832
5.225    2.3401368e-01    0.0825
5.275    2.3455813e-01    0.0826
5.325    2.3505153e-01    0.0823
5.375    2.3539232e-01    0.0824
5.425    2.3586464e-01    0.0820
5.475    2.3615677e-01    0.0815
5.525    2.3668113e-01    0.0799
5.575    2.3712843e-01    0.0814
5.625    2.3768416e-01    0.0801
5.675    2.3823211e-01    0.0811
5.725    2.3876776e-01    0.0810
5.775    2.3919237e-01    0.0801
5.825    2.3946583e-01    0.0786
5.875    2.4014530e-01    0.0812
5.925    2.4058930e-01    0.0804
5.975    2.4104834e-01    0.0794
6.025    2.4157101e-01    0.0791
6.075    2.4217071e-01    0.0801
6.125    2.4257394e-01    0.0787
6.175    2.4312936e-01    0.0792
6.225    2.4364178e-01    0.0792
6.275    2.4423738e-01    0.0798
6.325    2.4478423e-01    0.0796
6.375    2.4521679e-01    0.0785
6.425    2.4565746e-01    0.0781
6.475    2.4618718e-01    0.0783
6.525    2.4682154e-01    0.0782
6.575    2.4731926e-01    0.0776
6.625    2.4766870e-01    0.0765
6.675    2.4824399e-01    0.0762
6.725    2.4891992e-01    0.0766
6.775    2.4963651e-01    0.0777
6.825    2.5003430e-01    0.0766
6.875    2.5055066e-01    0.0753
6.925    2.5126262e-01    0.0764
6.975    2.5194185e-01    0.0763
7.025    2.5257124e-01    0.0751
7.075    2.5305650e-01    0.0750
7.125    2.5390093e-01    0.0767
7.175    2.5436083e-01    0.0753
7.225    2.5511309e-01    0.0763
7.275    2.5556912e-01    0.0751
7.325    2.5603225e-01    0.0742
7.375    2.5675289e-01    0.0739
7.425    2.5744105e-01    0.0739
7.475    2.5827100e-01    0.0743
7.525    2.5887064e-01    0.0742
7.575    2.5939758e-01    0.0734
7.625    2.6012474e-01    0.0730
7.675    2.6088562e-01    0.0739
7.725    2.6157321e-01    0.0734
7.775    2.6224366e-01    0.0737
7.825    2.6291473e-01    0.0735
7.875    2.6371936e-01    0.0740
7.925    2.6431077e-01    0.0728
7.975    2.6503128e-01    0.0723
8.025    2.6561720e-01    0.0712
8.075    2.6640689e-01    0.0709
8.125    2.6717008e-01    0.0706
8.175    2.6797370e-01    0.0712
8.225    2.6875709e-01    0.0707
8.275    2.6964159e-01    0.0715
8.325    2.7054703e-01    0.0729
8.375    2.7127130e-01    0.0706
8.425    2.7183044e-01    0.0694
8.475    2.7287301e-01    0.0717
8.525    2.7349937e-01    0.0696
8.575    2.7432341e-01    0.0692
8.625    2.7503631e-01    0.0690
8.675    2.7605689e-01    0.0693
8.725    2.7688227e-01    0.0684
8.775    2.7783048e-01    0.0682
8.825    2.7858311e-01    0.0676
8.875    2.7938894e-01    0.0669
8.925    2.8030390e-01    0.0677
8.975    2.8148267e-01    0.0686
9.025    2.8246243e-01    0.0678
9.075    2.8318726e-01    0.0660
9.125    2.8425475e-01    0.0658
9.175    2.8511106e-01    0.0655
9.225    2.8649909e-01    0.0681
9.275    2.8754058e-01    0.0677
9.325    2.8857815e-01    0.0680
9.375    2.8952680e-01    0.0667
9.425    2.9067688e-01    0.0662
9.475    2.9187736e-01    0.0670
9.525    2.9299027e-01    0.0664
9.575    2.9391803e-01    0.0653
9.625    2.9526829e-01    0.0651
9.675    2.9626782e-01    0.0646
9.725    2.9749052e-01    0.0650
9.775    2.9875523e-01    0.0653
9.825    2.9993107e-01    0.0638
9.875    3.0103006e-01    0.0632
9.925    3.0260414e-01    0.0648
9.975    3.0367826e-01    0.0629
10.025   3.0518695e-01    0.0640
10.075   3.0651706e-01    0.0639
10.125   3.0775342e-01    0.0631
10.175   3.0928548e-01    0.0632
10.225   3.1080602e-01    0.0632
10.275   3.1210182e-01    0.0614
10.325   3.1380452e-01    0.0626
10.375   3.1521589e-01    0.0616
10.425   3.1674312e-01    0.0616
10.475   3.1834281e-01    0.0611
10.525   3.1999327e-01    0.0610
10.575   3.2168201e-01    0.0609
10.625   3.2322982e-01    0.0600
10.675   3.2514431e-01    0.0609
10.725   3.2696573e-01    0.0605
10.775   3.2866538e-01    0.0597
10.825   3.3063502e-01    0.0594
10.875   3.3246877e-01    0.0592
10.925   3.3478363e-01    0.0602
10.975   3.3655581e-01    0.0583
11.025   3.3890126e-01    0.0593
11.075   3.4108440e-01    0.0589
11.125   3.4298620e-01    0.0577
11.175   3.4536309e-01    0.0577
11.225   3.4794897e-01    0.0581
11.275   3.5041477e-01    0.0578
11.325   3.5296826e-01    0.0577
11.375   3.5543234e-01    0.0564
11.425   3.5832040e-01    0.0570
11.475   3.6117483e-01    0.0564
11.525   3.6389559e-01    0.0558
11.575   3.6681007e-01    0.0551
11.625   3.6997140e-01    0.0559
11.675   3.7303436e-01    0.0551
11.725   3.7609951e-01    0.0548
11.775   3.7953539e-01    0.0548
11.825   3.8290109e-01    0.0539
11.875   3.8646955e-01    0.0540
11.925   3.9040404e-01    0.0545
11.975   3.9413424e-01    0.0537
12.025   3.9848441e-01    0.0544
12.075   4.0259862e-01    0.0543
12.125   4.0716672e-01    0.0546
12.175   4.1168918e-01    0.0546
12.225   4.1670781e-01    0.0551
12.275   4.2158297e-01    0.0548
12.325   4.2661464e-01    0.0540
12.375   4.3192256e-01    0.0540
12.425   4.3727598e-01    0.0528
12.475   4.4340069e-01    0.0529
12.525   4.4941804e-01    0.0518
12.575   4.5604960e-01    0.0517
12.625   4.6296424e-01    0.0511
12.675   4.7026277e-01    0.0501
12.725   4.7813596e-01    0.0497
12.775   4.8615764e-01    0.0487
12.825   4.9525451e-01    0.0484
12.875   5.0499651e-01    0.0480
12.925   5.1538956e-01    0.0474
12.975   5.2683216e-01    0.0473
13.025   5.3878592e-01    0.0467
13.075   5.5204296e-01    0.0466
13.125   5.6678896e-01    0.0465
13.175   5.8260886e-01    0.0463
13.225   6.0000753e-01    0.0462
13.275   6.1955592e-01    0.0461
13.325   6.4129643e-01    0.0461
13.375   6.6608758e-01    0.0464
13.425   6.9379703e-01    0.0465
13.475   7.2613087e-01    0.0469
13.525   7.6393335e-01    0.0477
13.575   8.0754278e-01    0.0487
13.625   8.5713425e-01    0.0504
13.675   9.0894834e-01    0.0524
13.725   9.5797028e-01    0.0551
13.775   9.9327751e-01    0.0588
13.825   1.0000000e+00    0.0639
13.875   9.6537049e-01    0.0713
13.925   8.8206082e-01    0.0818
13.975   7.5377116e-01    0.0965
14.025   5.9661434e-01    0.1174
14.075   4.3287950e-01    0.1471
14.125   2.8542120e-01    0.1906
14.175   1.7029773e-01    0.2558
14.225   9.1400630e-02    0.3575
14.275   4.4226945e-02    0.5220
14.325   1.9261532e-02    0.7980
14.375   7.7620460e-03    1.2636
14.425   3.1559977e-03    1.9742
14.475   1.5685045e-03    2.8584
14.525   1.0325363e-03    3.5427
14.575   9.3435124e-04    3.9460
14.625   8.9459735e-04    3.9703
14.675   8.8143043e-04    4.0106
14.725   8.6407220e-04    3.8839
14.775   9.0459134e-04    3.9592
14.825   8.4281663e-04    3.8425
14.875   8.4337110e-04    3.8408
14.925   8.5199254e-04    3.8748
14.975   8.9635762e-04    4.1093
15.025   8.3220643e-04    3.9050
15.075   8.6121221e-04    4.0714
15.125   8.7061049e-04    4.0707
15.175   8.2510861e-04    4.0044
15.225   8.3927914e-04    4.1242
15.275   8.1996288e-04    4.0003
15.325   8.1103221e-04    3.9815
15.375   8.2460421e-04    4.0837
15.425   8.2088573e-04    4.1790
15.475   7.8195638e-04    3.9498
15.525   7.5907535e-04    4.1410
15.575   7.9083504e-04    4.1656
15.625   7.4638180e-04    4.0933
15.675   7.9288821e-04    4.1148
15.725   7.6631657e-04    4.3525
15.775   7.6273280e-04    4.0550
15.825   7.7592538e-04    4.2996
15.875   7.8336290e-04    4.0683
15.925   7.7685864e-04    4.0031
15.975   7.7402661e-04    4.2440
16.025   7.4799851e-04    4.3214
16.075   7.4525708e-04    4.2943
16.125   7.4233236e-04    4.2386
16.175   7.4643913e-04    4.2178
16.225   7.3274079e-04    4.3449
16.275   7.5101729e-04    4.3307
16.325   7.4677749e-04    4.5359
16.375   7.2617889e-04    4.3393
16.425   6.9047251e-04    4.2703
16.475   6.7974721e-04    4.2404
16.525   6.9962847e-04    4.2921
16.575   6.7874314e-04    4.3589
16.625   6.7630761e-04    4.3439
16.675   6.7152202e-04    4.5815
16.725   6.7553597e-04    4.5346
16.775   7.0016763e-04    4.5321
16.825   6.7653594e-04    4.4313
16.875   6.5651965e-04    4.5103
16.925   6.2802961e-04    4.5292
16.975   6.3541218e-04    4.4273
17.025   6.3754186e-04    4.3393
17.075   6.3409268e-04    4.4185
17.125   6.2783538e-04    4.7944
17.175   6.3868510e-04    4.4745
17.225   6.4992777e-04    4.6408
17.275   6.6972230e-04    4.5413
17.325   6.8221790e-04    4.5361
17.375   6.2675142e-04    4.7069
17.425   6.0255221e-04    4.5486
17.475   6.0367753e-04    4.7758
17.525   6.1572500e-04    4.7746
17.575   5.9018124e-04    4.6208
17.625   6.1708627e-04    4.7294
17.675   5.6426704e-04    4.7659
17.725   5.4911927e-04    4.7622
17.775   6.0990940e-04    4.6612
17.825   6.2777994e-04    4.8615
17.875   6.1224500e-04    4.7199
17.925   5.8525810e-04    4.6799
17.975   5.8575453e-04    4.6408
18.025   6.3389672e-04    4.8985
18.075   5.8876073e-04    4.7194
18.125   5.8197934e-04    4.8864
18.175   5.9401884e-04    4.8679
18.225   6.0192037e-04    4.9475
18.275   5.5104473e-04    4.7570
18.325   5.6187864e-04    4.8008
18.375   5.6827830e-04    5.0481
18.425   5.5481767e-04    4.8685
18.475   5.4830409e-04    4.9147
18.525   5.5416733e-04    4.7549
18.575   5.4149486e-04    4.9784
18.625   5.5299956e-04    5.0295
18.675   5.6071046e-04    4.9955
18.725   5.5285151e-04    5.3156
18.775   5.3133259e-04    5.3274
18.825   5.3267144e-04    5.1438
18.875   5.4823452e-04    4.9727
18.925   5.5278225e-04    5.0420
18.975   5.5095865e-04    5.1566
19.025   5.5897705e-04    5.3271
19.075   5.2273725e-04    5.0249
19.125   5.2220136e-04    4.9474
19.175   5.1743309e-04    5.3768
19.225   5.1160179e-04    4.9889
19.275   5.0001309e-04    5.2570
19.325   4.9240920e-04    5.1190
19.375   5.0548838e-04    5.5413
19.425   5.2651214e-04    5.3580
19.475   5.1215459e-04    5.2929
19.525   5.2022811e-04    5.1942
19.575   5.1213024e-04    5.2845
19.625   4.8490086e-04    4.9540
19.675   5.0180967e-04    5.5802
19.725   4.7892770e-04    5.2162
19.775   4.9449115e-04    5.1344
19.825   5.2154610e-04    5.7529
19.875   4.9475649e-04    5.6546
19.925   4.7608127e-04    5.2308
19.975   4.8292507e-04    5.5491
20.025   4.5179219e-04    5.2590
20.075   4.5997493e-04    5.3866
20.125   4.6745532e-04    5.4840
20.175   4.3778160e-04    5.9162
20.225   4.4718711e-04    5.2004
20.275   4.4062018e-04    5.5890
20.325   4.4403687e-04    5.8993
20.375   4.3200348e-04    5.1728
20.425   4.3673334e-04    5.4163
20.475   4.4237876e-04    5.6096
20.525   4.1645359e-04    5.2860
20.575   4.3651703e-04    5.3358
20.625   4.4527616e-04    5.8122
20.675   4.2733286e-04    5.6182
20.725   4.4368849e-04    5.7389
20.775   4.3490935e-04    5.6642
20.825   4.3746085e-04    5.8689
20.875   4.3188097e-04    5.8689
20.925   4.2604565e-04    5.7966
20.975   4.1728816e-04    5.7258
21.025   4.1448611e-04    5.7587
21.075   4.0838777e-04    5.4873
21.125   4.1572953e-04    5.5815
21.175   4.5749576e-04    5.8262
21.225   4.2683586e-04    5.5978
21.275   4.2990274e-04    5.4274
21.325   4.1990077e-04    5.7920
21.375   4.0571384e-04    5.7530
21.425   3.9958362e-04    5.6059
21.475   4.1794963e-04    5.8315
21.525   3.8576279e-04    5.5924
21.575   3.9088010e-04    6.0022
21.625   3.7781721e-04    5.9078
21.675   3.8630198e-04    5.7647
21.725   4.0206216e-04    5.8925
21.775   4.0617078e-04    6.0680
21.825   3.8476514e-04    6.0066
21.875   3.9221942e-04    5.6959
21.925   4.0815203e-04    6.0579
21.975   4.0558980e-04    5.8979
22.025   3.6763670e-04    5.7534
22.075   3.4328439e-04    5.7077
22.125   3.5689294e-04    6.2009
22.175   3.7536298e-04    6.0871
22.225   3.8742953e-04    6.2667
22.275   3.8386611e-04    6.5308
22.325   3.7938384e-04    6.2278
22.375   3.6427803e-04    5.9070
22.425   3.6674713e-04    5.7224
22.475   3.7736440e-04    6.3136
22.525   3.4201604e-04    5.8812
22.575   3.5739431e-04    6.4704
22.625   3.5628340e-04    6.2429
22.675   3.4412222e-04    5.9735
22.725   3.3105799e-04    6.0616
22.775   3.2807146e-04    6.1855
22.825   3.4498745e-04    6.3958
22.875   3.4664732e-04    6.3146
22.925   3.5700819e-04    5.8971
22.975   3.5777058e-04    6.1674
23.025   3.5752254e-04    6.1308
23.075   3.6687055e-04    6.0604
23.125   3.5169066e-04    6.4742
23.175   3.6062661e-04    6.4724
23.225   3.4495508e-04    6.7286
23.275   3.3725069e-04    6.3710
23.325   3.4094837e-04    6.3467
23.375   3.5234423e-04    6.8460
23.425   3.1126309e-04    6.3928
23.475   3.2999069e-04    6.5744
23.525   3.0948276e-04    7.0521
23.575   3.1079709e-04    6.2837
23.625   3.2597083e-04    7.2608
23.675   3.2723967e-04    6.4366
23.725   3.3472089e-04    6.2003
23.775   3.1389699e-04    6.4567
23.825   3.0141066e-04    6.4710
23.875   3.1821939e-04    6.4655
23.925   3.1602513e-04    6.8353
23.975   2.9241230e-04    6.7462
24.025   3.0445928e-04    6.8100
24.075   2.9168744e-04    6.7364
24.125   2.9499620e-04    6.4780
24.175   2.8870759e-04    6.6849
24.225   2.8499593e-04    6.5932
24.275   2.9318091e-04    6.8614
24.325   2.9310014e-04    6.7450
24.375   2.9805956e-04    7.1461
24.425   3.0341523e-04    7.3466
24.475   2.9522811e-04    6.7433
24.525   2.9916449e-04    7.2257
24.575   3.1375581e-04    7.2484
24.625   3.0518993e-04    6.8211
24.675   2.9742542e-04    6.5978
24.725   2.8738670e-04    6.9609
24.775   2.8892624e-04    7.5990
24.825   2.8666576e-04    6.7061
24.875   2.6581613e-04    6.6040
24.925   2.8249925e-04    7.6820
24.975   2.8300675e-04    7.1735
25.025   2.7710762e-04    7.3164
25.075   2.9694248e-04    7.0079
25.125   2.8458108e-04    7.3464
25.175   2.6096227e-04    6.9687
25.225   2.8074558e-04    7.4560
25.275   2.8314471e-04    7.1192
25.325   2.4247631e-04    6.7923
25.375   2.6877172e-04    7.5105
25.425   2.6716208e-04    7.6104
25.475   2.6292743e-04    6.7774
25.525   2.6474507e-04    7.3568
25.575   2.9004556e-04    7.4961
25.625   2.5398297e-04    7.2775
25.675   2.4911345e-04    7.1025
25.725   2.4228967e-04    7.3104
25.775   2.5938231e-04    7.0914
25.825   2.5804397e-04    7.2000
25.875   2.6240913e-04    7.4987
25.925   2.5439338e-04    7.3148
25.975   2.4936965e-04    7.6927
26.025   2.5252774e-04    7.4538
26.075   2.5985984e-04    7.7232
26.125   2.3625823e-04    7.3408
26.175   2.4255662e-04    7.5748
26.225   2.6545730e-04    7.7952
26.275   2.4839221e-04    7.1883
26.325   2.3692358e-04    7.5593
26.375   2.4005799e-04    7.3386
26.425   2.4269756e-04    8.0155
26.475   2.3670983e-04    7.3874
26.525   2.5441199e-04    8.1077
26.575   2.2700910e-04    7.6899
26.625   2.3762746e-04    7.9051
26.675   2.5249783e-04    8.0715
26.725   2.3157482e-04    7.4572
26.775   2.3483376e-04    7.3978
26.825   2.4463214e-04    7.4295
26.875   2.3411001e-04    7.4157
26.925   2.4021689e-04    7.6085
26.975   2.1258920e-04    7.6528
27.025   2.3822110e-04    7.3385
27.075   2.4931069e-04    8.0567
27.125   2.3453019e-04    7.1438
27.175   2.4333173e-04    7.5312
27.225   2.5927460e-04    8.2142
27.275   2.2796762e-04    7.0125
27.325   2.3481259e-04    7.5744
27.375   2.2548833e-04    7.2099
27.425   2.2422360e-04    7.3943
27.475   2.3985099e-04    7.4936
27.525   2.2253759e-04    7.2670
27.575   2.0755283e-04    7.5739
27.625   2.3819771e-04    8.6543
27.675   2.0454903e-04    7.3955
27.725   2.1792658e-04    8.1361
27.775   2.1989093e-04    7.9255
27.825   2.1663945e-04    7.2429
27.875   2.1442750e-04    7.6699
27.925   2.0334451e-04    7.9372
27.975   2.2570120e-04    7.9099
28.025   2.2309300e-04    7.5697
28.075   2.1959750e-04    7.6355
28.125   2.0061594e-04    7.6530
28.175   1.9044008e-04    7.5568
28.225   2.0960859e-04    7.9077
28.275   2.0037521e-04    8.3516
28.325   1.9753280e-04    7.6844
28.375   1.9275186e-04    7.5655
28.425   1.9420345e-04    8.1471
28.475   1.9716662e-04    8.7588
28.525   1.9901378e-04    8.5164
28.575   2.0656316e-04    8.1002
28.625   1.9720637e-04    8.5789
28.675   1.7851405e-04    7.8556
28.725   1.9279716e-04    8.0754
28.775   1.9909350e-04    8.3631
28.825   2.0637027e-04    9.7076
28.875   1.9884685e-04    7.9522
28.925   1.9846443e-04    7.8639
28.975   1.8640849e-04    8.1528
29.025   1.9401240e-04    7.8755
29.075   1.9129477e-04    8.4363
29.125   2.0858293e-04    8.5999
29.175   2.0602217e-04    9.0834
29.225   1.9156885e-04    8.2267
29.275   1.9281999e-04    8.9252
29.325   1.9056364e-04    8.2332
29.375   1.9250779e-04    8.8490
29.425   1.9229324e-04    8.9023
29.475   1.9703154e-04    8.7686
29.525   1.8549984e-04    8.4784
29.575   1.7069916e-04    7.9558
29.625   1.7835464e-04    8.3077
29.675   1.7890119e-04    8.0173
29.725   1.8390870e-04    8.3989
29.775   1.8338646e-04    8.3521
29.825   1.8706004e-04    8.2682
29.875   1.9162509e-04    8.8268
29.925   1.8208678e-04    8.2470
29.975   1.7933753e-04    8.8748
30.025   1.8238593e-04    8.5497
30.075   1.7946534e-04    8.6045
30.125   1.8392367e-04    8.9095
30.175   1.9164381e-04    9.1266
30.225   1.7897751e-04    8.4430
30.275   1.7361554e-04    8.9763
30.325   1.6810051e-04    8.4314
30.375   1.8038019e-04    8.4158
30.425   1.7646617e-04    8.4673
30.475   1.7494807e-04    8.8394
30.525   1.7214825e-04    8.9090
30.575   1.5912570e-04    8.6312
30.625   1.6225001e-04    9.2728
30.675   1.6459303e-04    8.9201
30.725   1.7119593e-04    8.8353
30.775   1.7196666e-04    9.5172
30.825   1.6633055e-04    10.3824
30.875   1.7272307e-04    9.7383
30.925   1.5557257e-04    9.0139
30.975   1.7282745e-04    9.5279
31.025   1.5423788e-04    8.6153
31.075   1.6440716e-04    9.6299
31.125   1.5507199e-04    8.8594
31.175   1.4099917e-04    9.2452
31.225   1.5074524e-04    9.3162
31.275   1.5104548e-04    9.3346
31.325   1.4478464e-04    8.8112
31.375   1.5572807e-04    9.3664
31.425   1.5721577e-04    9.3762
31.475   1.4586285e-04    9.7114
31.525   1.4487459e-04    9.5318
31.575   1.4904919e-04    10.0686
31.625   1.6346301e-04    8.9647
31.675   1.6957373e-04    10.6970
31.725   1.6691569e-04    9.0068
31.775   1.6094568e-04    9.2080
31.825   1.5122745e-04    9.0054
31.875   1.3786272e-04    8.6712
31.925   1.4048654e-04    12.2597
31.975   1.4695373e-04    9.5303
32.025   1.4686503e-04    10.1393
32.075   1.5373076e-04    9.2778
32.125   1.3834243e-04    9.1876
32.175   1.5046939e-04    9.7002
32.225   1.5488246e-04    10.3562
32.275   1.4174181e-04    9.2101
32.325   1.4870180e-04    10.1405
32.375   1.4434975e-04    9.4765
32.425   1.4395968e-04    9.4634
32.475   1.4143347e-04    9.1571
32.525   1.5497296e-04    9.5358
32.575   1.5392088e-04    9.7549
32.625   1.5788303e-04    10.5626
32.675   1.5218137e-04    9.5264
32.725   1.4423045e-04    9.8531
32.775   1.4666019e-04    10.1553
32.825   1.3475415e-04    9.1446
32.875   1.4574966e-04    9.9905
32.925   1.3980683e-04    9.9658
32.975   1.4345004e-04    10.3716
33.025   1.5452034e-04    11.1290
33.075   1.3974838e-04    9.4395
33.125   1.3435495e-04    10.3083
33.175   1.3460256e-04    9.8760
33.225   1.2979211e-04    10.4603
33.275   1.2514454e-04    9.9989
33.325   1.3470970e-04    10.4265
33.375   1.2532076e-04    9.5243
33.425   1.3450936e-04    9.9737
33.475   1.2542546e-04    9.6735
33.525   1.2764874e-04    9.5705
33.575   1.2961970e-04    9.6148
33.625   1.3294502e-04    9.2925
33.675   1.3029749e-04    9.3903
33.725   1.2871989e-04    9.5620
33.775   1.1986020e-04    9.5945
33.825   1.0961986e-04    8.9252
33.875   1.4378144e-04    10.8294
33.925   1.4226469e-04    10.6075
33.975   1.3079132e-04    10.8336
34.025   1.3196741e-04    10.3640
34.075   1.2858256e-04    10.7256
34.125   1.1653054e-04    10.6614
34.175   1.2711700e-04    10.3640
34.225   1.1813134e-04    10.1753
34.275   1.1777503e-04    10.9234
34.325   1.0796443e-04    10.2626
34.375   1.0998659e-04    10.2683
34.425   1.2431399e-04    10.2058
34.475   1.0876283e-04    9.6582
34.525   1.2837514e-04    11.2224
34.575   1.1724099e-04    10.1623
34.625   1.1324005e-04    9.6162
34.675   1.1399491e-04    10.3588
34.725   1.1688927e-04    10.7625
34.775   1.1378343e-04    10.7353
34.825   1.0256523e-04    9.7210
34.875   1.1380324e-04    10.8490
34.925   1.1131233e-04    10.4158
34.975   1.0195355e-04    9.8131
35.025   1.1175408e-04    10.0838
35.075   1.1479991e-04    10.5395
35.125   1.1071520e-04    10.1707
35.175   1.1336667e-04    11.0990
35.225   1.1428365e-04    11.1608
35.275   1.0022043e-04    11.8504
35.325   9.7833427e-05    10.3676
35.375   9.8629660e-05    11.7655
35.425   9.6598097e-05    10.9369
35.475   1.1930137e-04    11.3479
35.525   1.0150552e-04    10.7507
35.575   1.1580259e-04    11.0032
35.625   1.1056854e-04    11.2378
35.675   1.1817919e-04    11.2920
35.725   9.1361958e-05    11.4164
35.775   1.0368818e-04    12.0264
35.825   9.3574852e-05    11.2409
35.875   1.0136185e-04    12.4831
35.925   1.0225298e-04    12.4716
35.975   9.6845635e-05    12.7846
36.025   1.0136205e-04    12.1183
36.075   1.0364404e-04    13.3819
36.125   1.1471238e-04    13.9084
36.175   1.0936913e-04    11.9677
36.225   1.1933435e-04    13.6613
36.275   1.0726389e-04    11.8721
36.325   9.6308180e-05    11.5335
36.375   9.8062729e-05    11.0544
36.425   9.7973131e-05    12.4665
36.475   9.0427767e-05    11.9840
36.525   9.0289735e-05    12.5220
36.575   9.1166546e-05    11.4807
36.625   1.0395910e-04    11.9909
36.675   1.0863474e-04    12.4202
36.725   9.4203192e-05    12.0731
36.775   9.1446879e-05    10.7967
36.825   9.7347862e-05    11.9696
36.875   1.0157656e-04    12.6094
36.925   1.1117856e-04    12.9338
36.975   9.7080139e-05    12.0001
37.025   1.0500225e-04    17.4013
37.075   8.7939066e-05    11.2516
37.125   9.3013176e-05    11.5251
37.175   8.9505912e-05    10.7077
37.225   1.0068242e-04    11.8136
37.275   8.0934737e-05    11.9426
37.325   8.6355850e-05    13.8730
37.375   8.4117449e-05    10.7421
37.425   9.2943626e-05    12.0029
37.475   1.0331262e-04    12.7230
37.525   9.2386308e-05    11.2690
37.575   9.2882275e-05    12.2270
37.625   8.9971384e-05    11.5948
37.675   9.3666777e-05    13.5556
37.725   8.8193150e-05    12.0210
37.775   9.1426998e-05    13.2046
37.825   9.4781703e-05    11.3822
37.875   9.6197018e-05    12.4694
37.925   9.4618689e-05    11.7118
37.975   9.6836696e-05    11.7915
38.025   1.0425757e-04    11.0977
38.075   1.0492679e-04    12.4040
38.125   8.4929183e-05    11.8395
38.175   8.3510193e-05    13.1430
38.225   8.9341663e-05    12.7935
38.275   9.3367843e-05    13.7108
38.325   9.6858660e-05    12.6074
38.375   9.1644856e-05    12.0281
38.425   7.4416200e-05    11.1382
38.475   8.8073209e-05    13.0702
38.525   9.1517420e-05    13.3674
38.575   8.3555731e-05    14.6531
38.625   7.8166609e-05    12.5406
38.675   8.6337702e-05    12.9021
38.725   8.6905733e-05    15.1414
38.775   8.9107837e-05    13.0813
38.825   7.5719786e-05    11.4136
38.875   9.0527468e-05    13.0912
38.925   7.7103859e-05    11.6239
38.975   8.3053939e-05    13.9936
39.025   8.3070455e-05    11.7028
39.075   8.7936161e-05    13.0511
39.125   9.7030544e-05    15.9855
39.175   8.2267718e-05    12.3689
39.225   6.6318707e-05    12.0909
39.275   8.8189687e-05    15.0535
39.325   7.4125641e-05    12.7604
39.375   7.4641784e-05    15.7823
39.425   6.8486019e-05    13.2853
39.475   8.7232248e-05    13.7286
39.525   7.2158524e-05    13.5867
39.575   7.0398903e-05    14.3570
39.625   7.1399083e-05    14.4080
39.675   7.2441986e-05    12.8629
39.725   8.2152789e-05    14.4952
39.775   7.3594351e-05    12.9942
39.825   7.8689683e-05    14.5268
39.875   7.8694902e-05    12.9928
39.925   7.7147626e-05    13.0904
39.975   6.5544195e-05    11.6998
